130
1 2 119 
1 3 169 
1 4 248 
1 5 161 
1 6 507 
1 7 295 
1 8 199 
1 9 543 
1 10 430 
1 11 164 
1 12 382 
1 13 409 
1 14 424 
1 15 272 
1 16 87 
1 17 155 
1 18 187 
1 19 225 
1 20 200 
1 21 249 
1 22 301 
1 23 331 
1 24 284 
1 25 354 
1 26 243 
1 27 201 
1 28 220 
1 29 304 
1 30 242 
1 31 175 
1 32 404 
1 33 265 
1 34 149 
1 35 197 
1 36 417 
1 37 299 
1 38 330 
1 39 65 
1 40 319 
1 41 37 
1 42 325 
1 43 206 
1 44 313 
1 45 97 
1 46 180 
1 47 318 
1 48 348 
1 49 393 
1 50 104 
1 51 368 
1 52 527 
1 53 376 
1 54 174 
1 55 388 
1 56 505 
1 57 537 
1 58 388 
1 59 270 
1 60 381 
1 61 168 
1 62 135 
1 63 271 
1 64 281 
1 65 475 
1 66 388 
1 67 411 
1 68 299 
1 69 304 
1 70 241 
1 71 65 
1 72 452 
1 73 465 
1 74 504 
1 75 508 
1 76 127 
1 77 401 
1 78 355 
1 79 301 
1 80 169 
1 81 383 
1 82 553 
1 83 188 
1 84 419 
1 85 344 
1 86 355 
1 87 382 
1 88 307 
1 89 303 
1 90 319 
1 91 526 
1 92 403 
1 93 262 
1 94 342 
1 95 302 
1 96 400 
1 97 251 
1 98 321 
1 99 498 
1 100 226 
1 101 586 
1 102 523 
1 103 419 
1 104 173 
1 105 115 
1 106 327 
1 107 184 
1 108 197 
1 109 160 
1 110 297 
1 111 587 
1 112 121 
1 113 394 
1 114 197 
1 115 187 
1 116 274 
1 117 120 
1 118 174 
1 119 459 
1 120 391 
1 121 303 
1 122 380 
1 123 589 
1 124 202 
1 125 321 
1 126 235 
1 127 150 
1 128 89 
1 129 166 
1 130 81 
2 3 139 
2 4 130 
2 5 274 
2 6 390 
2 7 365 
2 8 137 
2 9 467 
2 10 323 
2 11 282 
2 12 309 
2 13 313 
2 14 317 
2 15 230 
2 16 191 
2 17 112 
2 18 109 
2 19 198 
2 20 86 
2 21 157 
2 22 192 
2 23 224 
2 24 229 
2 25 374 
2 26 327 
2 27 170 
2 28 274 
2 29 259 
2 30 215 
2 31 132 
2 32 403 
2 33 172 
2 34 132 
2 35 80 
2 36 410 
2 37 189 
2 38 235 
2 39 105 
2 40 207 
2 41 114 
2 42 206 
2 43 223 
2 44 195 
2 45 213 
2 46 74 
2 47 207 
2 48 374 
2 49 280 
2 50 39 
2 51 249 
2 52 442 
2 53 259 
2 54 74 
2 55 272 
2 56 433 
2 57 464 
2 58 274 
2 59 242 
2 60 262 
2 61 285 
2 62 203 
2 63 308 
2 64 389 
2 65 401 
2 66 391 
2 67 310 
2 68 326 
2 69 410 
2 70 304 
2 71 92 
2 72 339 
2 73 372 
2 74 414 
2 75 419 
2 76 246 
2 77 359 
2 78 307 
2 79 228 
2 80 59 
2 81 321 
2 82 491 
2 83 179 
2 84 412 
2 85 342 
2 86 457 
2 87 308 
2 88 406 
2 89 286 
2 90 313 
2 91 412 
2 92 303 
2 93 149 
2 94 319 
2 95 236 
2 96 298 
2 97 323 
2 98 332 
2 99 402 
2 100 175 
2 101 538 
2 102 407 
2 103 365 
2 104 203 
2 105 184 
2 106 216 
2 107 228 
2 108 136 
2 109 279 
2 110 298 
2 111 547 
2 112 174 
2 113 392 
2 114 154 
2 115 230 
2 116 211 
2 117 146 
2 118 57 
2 119 442 
2 120 273 
2 121 245 
2 122 267 
2 123 547 
2 124 305 
2 125 318 
2 126 180 
2 127 205 
2 128 175 
2 129 270 
2 130 57 
3 4 220 
3 5 257 
3 6 408 
3 7 463 
3 8 48 
3 9 596 
3 10 300 
3 11 278 
3 12 441 
3 13 262 
3 14 295 
3 15 369 
3 16 177 
3 17 249 
3 18 68 
3 19 335 
3 20 140 
3 21 117 
3 22 190 
3 23 210 
3 24 368 
3 25 502 
3 26 413 
3 27 307 
3 28 169 
3 29 398 
3 30 78 
3 31 271 
3 32 538 
3 33 131 
3 34 264 
3 35 189 
3 36 546 
3 37 193 
3 38 357 
3 39 105 
3 40 213 
3 41 134 
3 42 262 
3 43 349 
3 44 237 
3 45 215 
3 46 114 
3 47 211 
3 48 499 
3 49 367 
3 50 103 
3 51 299 
3 52 564 
3 53 337 
3 54 208 
3 55 289 
3 56 564 
3 57 594 
3 58 364 
3 59 106 
3 60 311 
3 61 316 
3 62 135 
3 63 427 
3 64 442 
3 65 532 
3 66 252 
3 67 271 
3 68 450 
3 69 465 
3 70 407 
3 71 104 
3 72 426 
3 73 489 
3 74 533 
3 75 539 
3 76 264 
3 77 498 
3 78 186 
3 79 362 
3 80 121 
3 81 457 
3 82 625 
3 83 43 
3 84 548 
3 85 202 
3 86 518 
3 87 440 
3 88 473 
3 89 423 
3 90 173 
3 91 492 
3 92 416 
3 93 175 
3 94 457 
3 95 372 
3 96 262 
3 97 419 
3 98 463 
3 99 515 
3 100 315 
3 101 676 
3 102 415 
3 103 502 
3 104 322 
3 105 129 
3 106 318 
3 107 341 
3 108 45 
3 109 299 
3 110 432 
3 111 686 
3 112 106 
3 113 527 
3 114 28 
3 115 125 
3 116 349 
3 117 70 
3 118 141 
3 119 580 
3 120 341 
3 121 134 
3 122 269 
3 123 686 
3 124 368 
3 125 178 
3 126 68 
3 127 311 
3 128 146 
3 129 332 
3 130 105 
4 5 404 
4 6 273 
4 7 449 
4 8 188 
4 9 386 
4 10 241 
4 11 412 
4 12 243 
4 13 257 
4 14 236 
4 15 225 
4 16 320 
4 17 163 
4 18 155 
4 19 221 
4 20 79 
4 21 152 
4 22 127 
4 23 156 
4 24 208 
4 25 413 
4 26 424 
4 27 200 
4 28 383 
4 29 243 
4 30 276 
4 31 170 
4 32 418 
4 33 158 
4 34 195 
4 35 50 
4 36 416 
4 37 120 
4 38 147 
4 39 232 
4 40 127 
4 41 244 
4 42 83 
4 43 281 
4 44 85 
4 45 343 
4 46 105 
4 47 129 
4 48 418 
4 49 152 
4 50 159 
4 51 125 
4 52 349 
4 53 129 
4 54 90 
4 55 166 
4 56 359 
4 57 387 
4 58 148 
4 59 296 
4 60 138 
4 61 411 
4 62 323 
4 63 370 
4 64 503 
4 65 327 
4 66 455 
4 67 243 
4 68 375 
4 69 524 
4 70 387 
4 71 218 
4 72 212 
4 73 272 
4 74 316 
4 75 323 
4 76 375 
4 77 329 
4 78 327 
4 79 179 
4 80 102 
4 81 270 
4 82 426 
4 83 263 
4 84 418 
4 85 405 
4 86 566 
4 87 243 
4 88 513 
4 89 298 
4 90 376 
4 91 284 
4 92 197 
4 93 84 
4 94 318 
4 95 197 
4 96 232 
4 97 412 
4 98 367 
4 99 296 
4 100 179 
4 101 488 
4 102 294 
4 103 319 
4 104 277 
4 105 307 
4 106 98 
4 107 307 
4 108 189 
4 109 406 
4 110 328 
4 111 506 
4 112 292 
4 113 405 
4 114 218 
4 115 337 
4 116 185 
4 117 258 
4 118 84 
4 119 435 
4 120 143 
4 121 265 
4 122 173 
4 123 504 
4 124 418 
4 125 383 
4 126 221 
4 127 296 
4 128 303 
4 129 386 
4 130 183 
5 6 650 
5 7 328 
5 8 303 
5 9 696 
5 10 555 
5 11 31 
5 12 536 
5 13 519 
5 14 549 
5 15 417 
5 16 86 
5 17 311 
5 18 307 
5 19 367 
5 20 346 
5 21 368 
5 22 434 
5 23 459 
5 24 434 
5 25 443 
5 26 264 
5 27 347 
5 28 177 
5 29 448 
5 30 299 
5 31 328 
5 32 509 
5 33 383 
5 34 296 
5 35 355 
5 36 527 
5 37 434 
5 38 491 
5 39 178 
5 40 455 
5 41 161 
5 42 476 
5 43 322 
5 44 460 
5 45 63 
5 46 321 
5 47 453 
5 48 432 
5 49 553 
5 50 248 
5 51 519 
5 52 684 
5 53 534 
5 54 335 
5 55 529 
5 56 656 
5 57 688 
5 58 548 
5 59 320 
5 60 532 
5 61 105 
5 62 129 
5 63 353 
5 64 229 
5 65 627 
5 66 376 
5 67 528 
5 68 390 
5 69 249 
5 70 298 
5 71 190 
5 72 612 
5 73 624 
5 74 662 
5 75 666 
5 76 66 
5 77 539 
5 78 412 
5 79 457 
5 80 314 
5 81 532 
5 82 698 
5 83 247 
5 84 529 
5 85 347 
5 86 305 
5 87 536 
5 88 275 
5 89 430 
5 90 332 
5 91 686 
5 92 564 
5 93 403 
5 94 470 
5 95 455 
5 96 518 
5 97 290 
5 98 422 
5 99 659 
5 100 378 
5 101 722 
5 102 662 
5 103 564 
5 104 286 
5 105 129 
5 106 488 
5 107 281 
5 108 300 
5 109 79 
5 110 410 
5 111 717 
5 112 152 
5 113 502 
5 114 284 
5 115 179 
5 116 427 
5 117 186 
5 118 324 
5 119 575 
5 120 547 
5 121 380 
5 122 515 
5 123 719 
5 124 190 
5 125 330 
5 126 322 
5 127 248 
5 128 112 
5 129 168 
5 130 223 
6 7 720 
6 8 360 
6 9 475 
6 10 136 
6 11 664 
6 12 410 
6 13 203 
6 14 139 
6 15 464 
6 16 564 
6 17 435 
6 18 346 
6 19 478 
6 20 307 
6 21 290 
6 22 218 
6 23 198 
6 24 438 
6 25 662 
6 26 698 
6 27 462 
6 28 572 
6 29 470 
6 30 416 
6 31 439 
6 32 647 
6 33 278 
6 34 467 
6 35 321 
6 36 638 
6 37 217 
6 38 324 
6 39 472 
6 40 195 
6 41 493 
6 42 190 
6 43 548 
6 44 195 
6 45 594 
6 46 329 
6 47 197 
6 48 670 
6 49 209 
6 50 405 
6 51 149 
6 52 419 
6 53 188 
6 54 363 
6 55 120 
6 56 472 
6 57 487 
6 58 214 
6 59 419 
6 60 137 
6 61 675 
6 62 541 
6 63 635 
6 64 776 
6 65 448 
6 66 549 
6 67 177 
6 68 633 
6 69 797 
6 70 658 
6 71 461 
6 72 212 
6 73 351 
6 74 384 
6 75 392 
6 76 633 
6 77 523 
6 78 382 
6 79 392 
6 80 338 
6 81 449 
6 82 544 
6 83 439 
6 84 640 
6 85 509 
6 86 840 
6 87 410 
6 88 787 
6 89 538 
6 90 487 
6 91 208 
6 92 302 
6 93 246 
6 94 545 
6 95 414 
6 96 178 
6 97 684 
6 98 616 
6 99 345 
6 100 433 
6 101 624 
6 102 29 
6 103 493 
6 104 549 
6 105 531 
6 106 257 
6 107 579 
6 108 362 
6 109 667 
6 110 577 
6 111 654 
6 112 510 
6 113 634 
6 114 388 
6 115 530 
6 116 417 
6 117 473 
6 118 333 
6 119 640 
6 120 162 
6 121 349 
6 122 139 
6 123 650 
6 124 691 
6 125 495 
6 126 362 
6 127 569 
6 128 538 
6 129 657 
6 130 430 
7 8 487 
7 9 531 
7 10 682 
7 11 301 
7 12 408 
7 13 678 
7 14 676 
7 15 285 
7 16 333 
7 17 286 
7 18 467 
7 19 251 
7 20 447 
7 21 522 
7 22 552 
7 23 585 
7 24 315 
7 25 158 
7 26 63 
7 27 260 
7 28 484 
7 29 300 
7 30 537 
7 31 281 
7 32 237 
7 33 537 
7 34 253 
7 35 407 
7 36 261 
7 37 548 
7 38 429 
7 39 360 
7 40 564 
7 41 332 
7 42 531 
7 43 174 
7 44 534 
7 45 302 
7 46 439 
7 47 564 
7 48 143 
7 49 542 
7 50 378 
7 51 570 
7 52 546 
7 53 543 
7 54 360 
7 55 615 
7 56 489 
7 57 516 
7 58 535 
7 59 565 
7 60 582 
7 61 225 
7 62 406 
7 63 102 
7 64 161 
7 65 471 
7 66 674 
7 67 673 
7 68 130 
7 69 165 
7 70 62 
7 71 359 
7 72 584 
7 73 521 
7 74 541 
7 75 540 
7 76 264 
7 77 341 
7 78 650 
7 79 362 
7 80 424 
7 81 380 
7 82 498 
7 83 484 
7 84 263 
7 85 634 
7 86 166 
7 87 407 
7 88 123 
7 89 237 
7 90 611 
7 91 655 
7 92 495 
7 93 506 
7 94 263 
7 95 346 
7 96 662 
7 97 44 
7 98 171 
7 99 558 
7 100 294 
7 101 488 
7 102 743 
7 103 383 
7 104 171 
7 105 390 
7 106 475 
7 107 142 
7 108 485 
7 109 251 
7 110 192 
7 111 469 
7 112 405 
7 113 237 
7 114 490 
7 115 465 
7 116 327 
7 117 414 
7 118 417 
7 119 313 
7 120 567 
7 121 595 
7 122 619 
7 123 474 
7 124 140 
7 125 612 
7 126 526 
7 127 160 
7 128 358 
7 129 160 
7 130 363 
8 9 571 
8 10 252 
8 11 323 
8 12 421 
8 13 217 
8 14 247 
8 15 362 
8 16 221 
8 17 249 
8 18 33 
8 19 334 
8 20 109 
8 21 69 
8 22 142 
8 23 162 
8 24 358 
8 25 511 
8 26 440 
8 27 306 
8 28 215 
8 29 390 
8 30 88 
8 31 269 
8 32 541 
8 33 82 
8 34 269 
8 35 166 
8 36 546 
8 37 145 
8 38 332 
8 39 140 
8 40 166 
8 41 168 
8 42 220 
8 43 358 
8 44 193 
8 45 258 
8 46 87 
8 47 164 
8 48 510 
8 49 329 
8 50 111 
8 51 255 
8 52 537 
8 53 297 
8 54 195 
8 55 241 
8 56 542 
8 57 571 
8 58 326 
8 59 111 
8 60 266 
8 61 356 
8 62 183 
8 63 442 
8 64 479 
8 65 510 
8 66 269 
8 67 225 
8 68 461 
8 69 501 
8 70 428 
8 71 135 
8 72 387 
8 73 460 
8 74 504 
8 75 511 
8 76 305 
8 77 487 
8 78 169 
8 79 346 
8 80 99 
8 81 440 
8 82 606 
8 83 83 
8 84 549 
8 85 218 
8 86 554 
8 87 421 
8 88 507 
8 89 423 
8 90 189 
8 91 451 
8 92 385 
8 93 132 
8 94 454 
8 95 358 
8 96 215 
8 97 443 
8 98 470 
8 99 484 
8 100 308 
8 101 661 
8 102 367 
8 103 488 
8 104 336 
8 105 176 
8 106 286 
8 107 358 
8 108 2 
8 109 340 
8 110 436 
8 111 674 
8 112 153 
8 113 529 
8 114 32 
8 115 171 
8 116 337 
8 117 117 
8 118 119 
8 119 577 
8 120 299 
8 121 109 
8 122 221 
8 123 673 
8 124 402 
8 125 195 
8 126 42 
8 127 330 
8 128 191 
8 129 366 
8 130 123 
9 10 548 
9 11 688 
9 12 161 
9 13 597 
9 14 546 
9 15 282 
9 16 631 
9 17 387 
9 18 538 
9 19 332 
9 20 462 
9 21 537 
9 22 492 
9 23 510 
9 24 262 
9 25 387 
9 26 555 
9 27 349 
9 28 742 
9 29 253 
9 30 660 
9 31 368 
9 32 322 
9 33 540 
9 34 399 
9 35 407 
9 36 299 
9 37 485 
9 38 239 
9 39 567 
9 40 480 
9 41 562 
9 42 394 
9 43 396 
9 44 423 
9 45 634 
9 46 484 
9 47 482 
9 48 403 
9 49 289 
9 50 507 
9 51 393 
9 52 56 
9 53 324 
9 54 393 
9 55 459 
9 56 42 
9 57 18 
9 58 286 
9 59 682 
9 60 394 
9 61 647 
9 62 665 
9 63 430 
9 64 670 
9 65 68 
9 66 840 
9 67 573 
9 68 401 
9 69 683 
9 70 492 
9 71 553 
9 72 264 
9 73 127 
9 74 90 
9 75 82 
9 76 640 
9 77 190 
9 78 710 
9 79 242 
9 80 475 
9 81 165 
9 82 76 
9 83 639 
9 84 300 
9 85 790 
9 86 697 
9 87 161 
9 88 648 
9 89 298 
9 90 761 
9 91 281 
9 92 197 
9 93 462 
9 94 267 
9 95 241 
9 96 566 
9 97 522 
9 98 361 
9 99 130 
9 100 318 
9 101 158 
9 102 504 
9 103 148 
9 104 427 
9 105 645 
9 106 295 
9 107 447 
9 108 572 
9 109 658 
9 110 340 
9 111 195 
9 112 639 
9 113 315 
9 114 600 
9 115 698 
9 116 269 
9 117 613 
9 118 455 
9 119 265 
9 120 343 
9 121 649 
9 122 488 
9 123 189 
9 124 601 
9 125 767 
9 126 607 
9 127 469 
9 128 628 
9 129 587 
9 130 522 
10 11 573 
10 12 447 
10 13 67 
10 14 5 
10 15 463 
10 16 470 
10 17 399 
10 18 248 
10 19 462 
10 20 236 
10 21 186 
10 22 130 
10 23 99 
10 24 443 
10 25 654 
10 26 648 
10 27 440 
10 28 454 
10 29 477 
10 30 292 
10 31 409 
10 32 655 
10 33 171 
10 34 430 
10 35 275 
10 36 652 
10 37 134 
10 38 349 
10 39 382 
10 40 117 
10 41 408 
10 42 174 
10 43 519 
10 44 157 
10 45 505 
10 46 251 
10 47 117 
10 48 659 
10 49 260 
10 50 325 
10 51 158 
10 52 497 
10 53 226 
10 54 323 
10 55 90 
10 56 536 
10 57 557 
10 58 262 
10 59 291 
10 60 155 
10 61 597 
10 62 436 
10 63 609 
10 64 710 
10 65 508 
10 66 413 
10 67 40 
10 68 616 
10 69 732 
10 70 619 
10 71 373 
10 72 291 
10 73 421 
10 74 461 
10 75 469 
10 76 550 
10 77 551 
10 78 246 
10 79 405 
10 80 264 
10 81 482 
10 82 609 
10 83 324 
10 84 653 
10 85 375 
10 86 780 
10 87 447 
10 88 729 
10 89 537 
10 90 354 
10 91 317 
10 92 355 
10 93 176 
10 94 554 
10 95 425 
10 96 43 
10 97 641 
10 98 608 
10 99 425 
10 100 420 
10 101 683 
10 102 129 
10 103 531 
10 104 511 
10 105 429 
10 106 275 
10 107 540 
10 108 255 
10 109 585 
10 110 569 
10 111 709 
10 112 406 
10 113 642 
10 114 276 
10 115 415 
10 116 419 
10 117 370 
10 118 267 
10 119 664 
10 120 205 
10 121 218 
10 122 68 
10 123 706 
10 124 627 
10 125 362 
10 126 243 
10 127 523 
10 128 442 
10 129 592 
10 130 348 
11 12 530 
11 13 540 
11 14 567 
11 15 407 
11 16 102 
11 17 307 
11 18 324 
11 19 357 
11 20 358 
11 21 386 
11 22 450 
11 23 476 
11 24 426 
11 25 421 
11 26 237 
11 27 339 
11 28 208 
11 29 438 
11 30 324 
11 31 323 
11 32 489 
11 33 402 
11 34 290 
11 35 362 
11 36 507 
11 37 449 
11 38 490 
11 39 192 
11 40 470 
11 41 171 
11 42 487 
11 43 307 
11 44 472 
11 45 69 
11 46 334 
11 47 469 
11 48 410 
11 49 558 
11 50 259 
11 51 530 
11 52 679 
11 53 540 
11 54 338 
11 55 543 
11 56 648 
11 57 679 
11 58 552 
11 59 347 
11 60 543 
11 61 76 
11 62 155 
11 63 332 
11 64 197 
11 65 620 
11 66 407 
11 67 548 
11 68 369 
11 69 218 
11 70 274 
11 71 203 
11 72 616 
11 73 622 
11 74 658 
11 75 661 
11 76 48 
11 77 526 
11 78 439 
11 79 452 
11 80 326 
11 81 524 
11 82 687 
11 83 271 
11 84 509 
11 85 377 
11 86 274 
11 87 530 
11 88 244 
11 89 416 
11 90 362 
11 91 691 
11 92 564 
11 93 417 
11 94 455 
11 95 449 
11 96 538 
11 97 264 
11 98 403 
11 99 657 
11 100 372 
11 101 708 
11 102 677 
11 103 553 
11 104 271 
11 105 152 
11 106 491 
11 107 264 
11 108 320 
11 109 50 
11 110 393 
11 111 702 
11 112 176 
11 113 482 
11 114 306 
11 115 208 
11 116 421 
11 117 207 
11 118 335 
11 119 557 
11 120 555 
11 121 404 
11 122 531 
11 123 704 
11 124 162 
11 125 360 
11 126 345 
11 127 231 
11 128 132 
11 129 142 
11 130 234 
12 13 483 
12 14 443 
12 15 130 
12 16 470 
12 17 226 
12 18 387 
12 19 179 
12 20 314 
12 21 395 
12 22 364 
12 23 387 
12 24 105 
12 25 291 
12 26 419 
12 27 191 
12 28 582 
12 29 108 
12 30 509 
12 31 208 
12 32 250 
12 33 401 
12 34 240 
12 35 255 
12 36 237 
12 37 356 
12 38 100 
12 39 406 
12 40 356 
12 41 401 
12 42 275 
12 43 251 
12 44 301 
12 45 474 
12 46 333 
12 47 358 
12 48 303 
12 49 201 
12 50 348 
12 51 289 
12 52 149 
12 53 226 
12 54 234 
12 55 356 
12 56 124 
12 57 156 
12 58 195 
12 59 532 
12 60 295 
12 61 493 
12 62 504 
12 63 306 
12 64 531 
12 65 93 
12 66 690 
12 67 463 
12 68 284 
12 69 545 
12 70 359 
12 71 393 
12 72 212 
12 73 113 
12 74 135 
12 75 136 
12 76 483 
12 77 114 
12 78 571 
12 79 81 
12 80 322 
12 81 40 
12 82 184 
12 83 484 
12 84 238 
12 85 639 
12 86 567 
12 87 0 
12 88 516 
12 89 173 
12 90 610 
12 91 269 
12 92 112 
12 93 326 
12 94 158 
12 95 81 
12 96 454 
12 97 390 
12 98 252 
12 99 150 
12 100 158 
12 101 245 
12 102 439 
12 103 84 
12 104 278 
12 105 484 
12 106 171 
12 107 301 
12 108 421 
12 109 502 
12 110 219 
12 111 264 
12 112 478 
12 113 239 
12 114 448 
12 115 538 
12 116 109 
12 117 454 
12 118 302 
12 119 231 
12 120 251 
12 121 508 
12 122 380 
12 123 262 
12 124 456 
12 125 616 
12 126 459 
12 127 318 
12 128 467 
12 129 437 
12 130 362 
13 14 65 
13 15 482 
13 16 438 
13 17 403 
13 18 222 
13 19 474 
13 20 231 
13 21 160 
13 22 131 
13 23 100 
13 24 465 
13 25 666 
13 26 639 
13 27 450 
13 28 403 
13 29 500 
13 30 240 
13 31 416 
13 32 675 
13 33 143 
13 34 432 
13 35 281 
13 36 674 
13 37 137 
13 38 383 
13 39 355 
13 40 129 
13 41 382 
13 42 208 
13 43 524 
13 44 183 
13 45 475 
13 46 238 
13 47 128 
13 48 669 
13 49 309 
13 50 307 
13 51 204 
13 52 548 
13 53 273 
13 54 328 
13 55 140 
13 56 581 
13 57 604 
13 58 310 
13 59 234 
13 60 204 
13 61 572 
13 62 395 
13 63 613 
13 64 691 
13 65 551 
13 66 348 
13 67 27 
13 68 624 
13 69 713 
13 70 616 
13 71 348 
13 72 347 
13 73 470 
13 74 512 
13 75 519 
13 76 522 
13 77 582 
13 78 181 
13 79 432 
13 80 253 
13 81 516 
13 82 653 
13 83 279 
13 84 676 
13 85 311 
13 86 764 
13 87 483 
13 88 715 
13 89 555 
13 90 292 
13 91 379 
13 92 400 
13 93 178 
13 94 576 
13 95 451 
13 96 31 
13 97 636 
13 98 621 
13 99 478 
13 100 435 
13 101 725 
13 102 195 
13 103 565 
13 104 511 
13 105 391 
13 106 312 
13 107 538 
13 108 219 
13 109 557 
13 110 582 
13 111 748 
13 112 367 
13 113 662 
13 114 235 
13 115 368 
13 116 442 
13 117 333 
13 118 261 
13 119 691 
13 120 256 
13 121 160 
13 122 109 
13 123 745 
13 124 611 
13 125 300 
13 126 198 
13 127 517 
13 128 408 
13 129 574 
13 130 328 
14 15 458 
14 16 465 
14 17 394 
14 18 243 
14 19 457 
14 20 231 
14 21 180 
14 22 125 
14 23 93 
14 24 438 
14 25 649 
14 26 643 
14 27 435 
14 28 449 
14 29 473 
14 30 287 
14 31 404 
14 32 651 
14 33 165 
14 34 425 
14 35 270 
14 36 647 
14 37 128 
14 38 345 
14 39 377 
14 40 112 
14 41 402 
14 42 170 
14 43 514 
14 44 152 
14 45 500 
14 46 245 
14 47 112 
14 48 654 
14 49 257 
14 50 320 
14 51 155 
14 52 496 
14 53 223 
14 54 318 
14 55 88 
14 56 533 
14 57 554 
14 58 260 
14 59 286 
14 60 153 
14 61 591 
14 62 430 
14 63 604 
14 64 704 
14 65 505 
14 66 410 
14 67 38 
14 68 611 
14 69 726 
14 70 614 
14 71 368 
14 72 290 
14 73 418 
14 74 459 
14 75 467 
14 76 544 
14 77 548 
14 78 243 
14 79 401 
14 80 259 
14 81 479 
14 82 606 
14 83 319 
14 84 649 
14 85 371 
14 86 775 
14 87 444 
14 88 724 
14 89 532 
14 90 350 
14 91 317 
14 92 352 
14 93 170 
14 94 549 
14 95 421 
14 96 39 
14 97 636 
14 98 603 
14 99 424 
14 100 415 
14 101 680 
14 102 133 
14 103 527 
14 104 506 
14 105 423 
14 106 272 
14 107 535 
14 108 250 
14 109 579 
14 110 564 
14 111 706 
14 112 401 
14 113 638 
14 114 271 
14 115 410 
14 116 415 
14 117 364 
14 118 261 
14 119 660 
14 120 203 
14 121 214 
14 122 64 
14 123 703 
14 124 622 
14 125 358 
14 126 238 
14 127 517 
14 128 436 
14 129 586 
14 130 343 
15 16 359 
15 17 123 
15 18 330 
15 19 50 
15 20 269 
15 21 358 
15 22 352 
15 23 382 
15 24 29 
15 25 198 
15 26 290 
15 27 71 
15 28 486 
15 29 31 
15 30 444 
15 31 101 
15 32 192 
15 33 369 
15 34 123 
15 35 209 
15 36 192 
15 37 345 
15 38 148 
15 39 309 
15 40 353 
15 41 298 
15 42 290 
15 43 121 
15 44 306 
15 45 356 
15 46 279 
15 47 354 
15 48 206 
15 49 266 
15 50 267 
15 51 321 
15 52 279 
15 53 276 
15 54 168 
15 55 380 
15 56 240 
15 57 272 
15 58 259 
15 59 471 
15 60 331 
15 61 365 
15 62 404 
15 63 185 
15 64 400 
15 65 213 
15 66 621 
15 67 468 
15 68 173 
15 69 416 
15 70 232 
15 71 298 
15 72 302 
15 73 239 
15 74 266 
15 75 267 
15 76 359 
15 77 131 
15 78 528 
15 79 78 
15 80 265 
15 81 116 
15 82 281 
15 83 408 
15 84 194 
15 85 572 
15 86 440 
15 87 130 
15 88 388 
15 89 74 
15 90 543 
15 91 371 
15 92 209 
15 93 306 
15 94 94 
15 95 60 
15 96 457 
15 97 263 
15 98 152 
15 99 276 
15 100 54 
15 101 315 
15 102 490 
15 103 147 
15 104 147 
15 105 383 
15 106 207 
15 107 171 
15 108 362 
15 109 376 
15 110 113 
15 111 320 
15 112 382 
15 113 180 
15 114 383 
15 115 446 
15 116 47 
15 117 364 
15 118 247 
15 119 215 
15 120 302 
15 121 464 
15 122 394 
15 123 320 
15 124 325 
15 125 548 
15 126 404 
15 127 188 
15 128 361 
15 129 307 
15 130 273 
16 17 243 
16 18 222 
16 19 311 
16 20 260 
16 21 284 
16 22 348 
16 23 374 
16 24 372 
16 25 420 
16 26 273 
16 27 288 
16 28 152 
16 29 390 
16 30 230 
16 31 263 
16 32 478 
16 33 299 
16 34 235 
16 35 272 
16 36 493 
16 37 348 
16 38 416 
16 39 91 
16 40 369 
16 41 77 
16 42 391 
16 43 282 
16 44 374 
16 45 40 
16 46 235 
16 47 368 
16 48 412 
16 49 471 
16 50 163 
16 51 433 
16 52 615 
16 53 450 
16 54 256 
16 55 443 
16 56 592 
16 57 625 
16 58 465 
16 59 254 
16 60 446 
16 61 144 
16 62 72 
16 63 333 
16 64 274 
16 65 563 
16 66 341 
16 67 445 
16 68 366 
16 69 296 
16 70 290 
16 71 104 
16 72 530 
16 73 551 
16 74 591 
16 75 595 
16 76 89 
16 77 487 
16 78 346 
16 79 389 
16 80 228 
16 81 471 
16 82 640 
16 83 175 
16 84 495 
16 85 304 
16 86 352 
16 87 470 
16 88 312 
16 89 384 
16 90 283 
16 91 604 
16 92 487 
16 93 317 
16 94 424 
16 95 390 
16 96 435 
16 97 290 
16 98 392 
16 99 584 
16 100 314 
16 101 672 
16 102 576 
16 103 506 
16 104 246 
16 105 60 
16 106 407 
16 107 250 
16 108 218 
16 109 124 
16 110 373 
16 111 671 
16 112 80 
16 113 469 
16 114 205 
16 115 132 
16 116 361 
16 117 107 
16 118 239 
16 119 537 
16 120 462 
16 121 306 
16 122 429 
16 123 672 
16 124 211 
16 125 283 
16 126 244 
16 127 215 
16 128 31 
16 129 179 
16 130 138 
17 18 219 
17 19 85 
17 20 173 
17 21 259 
17 22 273 
17 23 305 
17 24 130 
17 25 266 
17 26 263 
17 27 57 
17 28 364 
17 29 154 
17 30 327 
17 31 21 
17 32 291 
17 33 272 
17 34 32 
17 35 124 
17 36 297 
17 37 268 
17 38 185 
17 39 187 
17 40 281 
17 41 177 
17 42 245 
17 43 121 
17 44 248 
17 45 248 
17 46 175 
17 47 282 
17 48 267 
17 49 273 
17 50 146 
17 51 285 
17 52 373 
17 53 267 
17 54 76 
17 55 329 
17 56 349 
17 57 381 
17 58 266 
17 59 354 
17 60 298 
17 61 281 
17 62 282 
17 63 211 
17 64 352 
17 65 319 
17 66 501 
17 67 394 
17 68 221 
17 69 371 
17 70 223 
17 71 175 
17 72 325 
17 73 314 
17 74 351 
17 75 354 
17 76 261 
17 77 254 
17 78 418 
17 79 146 
17 80 159 
17 81 228 
17 82 398 
17 83 287 
17 84 299 
17 85 452 
17 86 409 
17 87 226 
17 88 355 
17 89 174 
17 90 423 
17 91 401 
17 92 259 
17 93 225 
17 94 207 
17 95 146 
17 96 383 
17 97 248 
17 98 223 
17 99 349 
17 100 72 
17 101 438 
17 102 457 
17 103 267 
17 104 114 
17 105 262 
17 106 203 
17 107 143 
17 108 248 
17 109 285 
17 110 187 
17 111 443 
17 112 259 
17 113 279 
17 114 266 
17 115 323 
17 116 118 
17 117 241 
17 118 145 
17 119 330 
17 120 288 
17 121 356 
17 122 334 
17 123 443 
17 124 268 
17 125 427 
17 126 292 
17 127 135 
17 128 242 
17 129 239 
17 130 151 
18 19 304 
18 20 76 
18 21 62 
18 22 128 
18 23 152 
18 24 325 
18 25 483 
18 26 423 
18 27 276 
18 28 237 
18 29 357 
18 30 121 
18 31 238 
18 32 511 
18 33 78 
18 34 241 
18 35 132 
18 36 516 
18 37 129 
18 38 298 
18 39 134 
18 40 150 
18 41 160 
18 42 194 
18 43 332 
18 44 169 
18 45 256 
18 46 54 
18 47 148 
18 48 483 
18 49 300 
18 50 89 
18 51 232 
18 52 504 
18 53 270 
18 54 162 
18 55 226 
18 56 508 
18 57 538 
18 58 297 
18 59 145 
18 60 243 
18 61 350 
18 62 195 
18 63 417 
18 64 469 
18 65 476 
18 66 302 
18 67 225 
18 68 435 
18 69 491 
18 70 407 
18 71 126 
18 72 359 
18 73 427 
18 74 472 
18 75 478 
18 76 301 
18 77 454 
18 78 199 
18 79 312 
18 80 66 
18 81 407 
18 82 572 
18 83 109 
18 84 518 
18 85 252 
18 86 542 
18 87 387 
18 88 494 
18 89 392 
18 90 222 
18 91 424 
18 92 353 
18 93 108 
18 94 422 
18 95 324 
18 96 215 
18 97 423 
18 98 441 
18 99 452 
18 100 276 
18 101 628 
18 102 356 
18 103 454 
18 104 311 
18 105 184 
18 106 254 
18 107 334 
18 108 34 
18 109 337 
18 110 407 
18 111 640 
18 112 163 
18 113 499 
18 114 62 
18 115 192 
18 116 304 
18 117 126 
18 118 86 
18 119 545 
18 120 273 
18 121 136 
18 122 209 
18 123 639 
18 124 389 
18 125 229 
18 126 74 
18 127 308 
18 128 194 
18 129 353 
18 130 107 
19 20 251 
19 21 339 
19 22 343 
19 23 374 
19 24 73 
19 25 192 
19 26 248 
19 27 28 
19 28 442 
19 29 81 
19 30 413 
19 31 65 
19 32 207 
19 33 351 
19 34 77 
19 35 194 
19 36 212 
19 37 337 
19 38 178 
19 39 267 
19 40 348 
19 41 253 
19 42 295 
19 43 78 
19 44 306 
19 45 307 
19 46 256 
19 47 348 
19 48 196 
19 49 291 
19 50 232 
19 51 330 
19 52 329 
19 53 295 
19 54 148 
19 55 384 
19 56 291 
19 57 323 
19 58 284 
19 59 440 
19 60 341 
19 61 314 
19 62 359 
19 63 157 
19 64 355 
19 65 264 
19 66 586 
19 67 463 
19 68 155 
19 69 371 
19 70 194 
19 71 256 
19 72 333 
19 73 284 
19 74 314 
19 75 315 
19 76 308 
19 77 176 
19 78 503 
19 79 115 
19 80 241 
19 81 167 
19 82 331 
19 83 373 
19 84 214 
19 85 537 
19 86 398 
19 87 178 
19 88 345 
19 89 88 
19 90 509 
19 91 405 
19 92 247 
19 93 296 
19 94 122 
19 95 102 
19 96 452 
19 97 223 
19 98 146 
19 99 322 
19 100 44 
19 101 361 
19 102 503 
19 103 197 
19 104 99 
19 105 338 
19 106 225 
19 107 125 
19 108 334 
19 109 325 
19 110 108 
19 111 363 
19 112 338 
19 113 195 
19 114 352 
19 115 404 
19 116 78 
19 117 324 
19 118 225 
19 119 245 
19 120 320 
19 121 440 
19 122 395 
19 123 363 
19 124 277 
19 125 513 
19 126 377 
19 127 139 
19 128 315 
19 129 257 
19 130 235 
20 21 88 
20 22 106 
20 23 138 
20 24 260 
20 25 440 
20 26 412 
20 27 225 
20 28 306 
20 29 294 
20 30 197 
20 31 189 
20 32 457 
20 33 100 
20 34 201 
20 35 61 
20 36 460 
20 37 102 
20 38 222 
20 39 168 
20 40 120 
20 41 186 
20 42 132 
20 43 293 
20 44 114 
20 45 288 
20 46 27 
20 47 120 
20 48 441 
20 49 228 
20 50 98 
20 51 173 
20 52 427 
20 53 200 
20 54 102 
20 55 187 
20 56 433 
20 57 462 
20 58 224 
20 59 219 
20 60 186 
20 61 369 
20 62 251 
20 63 383 
20 64 475 
20 65 401 
20 66 378 
20 67 225 
20 68 395 
20 69 497 
20 70 385 
20 71 155 
20 72 287 
20 73 351 
20 74 395 
20 75 401 
20 76 326 
20 77 388 
20 78 261 
20 79 241 
20 80 31 
20 81 335 
20 82 498 
20 83 183 
20 84 462 
20 85 327 
20 86 544 
20 87 313 
20 88 493 
20 89 336 
20 90 298 
20 91 356 
20 92 277 
20 93 62 
20 94 363 
20 95 256 
20 96 214 
20 97 406 
20 98 395 
20 99 375 
20 100 217 
20 101 556 
20 102 322 
20 103 384 
20 104 280 
20 105 237 
20 106 178 
20 107 307 
20 108 110 
20 109 360 
20 110 358 
20 111 571 
20 112 219 
20 113 445 
20 114 139 
20 115 260 
20 116 237 
20 117 184 
20 118 30 
20 119 485 
20 120 207 
20 121 197 
20 122 180 
20 123 570 
20 124 392 
20 125 305 
20 126 145 
20 127 287 
20 128 238 
20 129 357 
20 130 123 
21 22 74 
21 23 93 
21 24 348 
21 25 526 
21 26 481 
21 27 312 
21 28 283 
21 29 382 
21 30 139 
21 31 276 
21 32 546 
21 33 16 
21 34 285 
21 35 149 
21 36 548 
21 37 78 
21 38 299 
21 39 197 
21 40 97 
21 41 223 
21 42 162 
21 43 377 
21 44 133 
21 45 319 
21 46 85 
21 47 95 
21 48 527 
21 49 276 
21 50 147 
21 51 192 
21 52 497 
21 53 242 
21 54 191 
21 55 173 
21 56 511 
21 57 539 
21 58 274 
21 59 153 
21 60 202 
21 61 413 
21 62 252 
21 63 465 
21 64 531 
21 65 479 
21 66 309 
21 67 162 
21 68 479 
21 69 553 
21 70 461 
21 71 189 
21 72 332 
21 73 419 
21 74 463 
21 75 470 
21 76 364 
21 77 475 
21 78 175 
21 79 327 
21 80 100 
21 81 420 
21 82 578 
21 83 150 
21 84 551 
21 85 260 
21 86 604 
21 87 395 
21 88 554 
21 89 425 
21 90 232 
21 91 391 
21 92 344 
21 93 76 
21 94 452 
21 95 342 
21 96 152 
21 97 479 
21 98 482 
21 99 439 
21 100 306 
21 101 640 
21 102 298 
21 103 469 
21 104 360 
21 105 244 
21 106 243 
21 107 385 
21 108 72 
21 109 400 
21 110 446 
21 111 656 
21 112 221 
21 113 533 
21 114 98 
21 115 240 
21 116 325 
21 117 185 
21 118 114 
21 119 574 
21 120 240 
21 121 112 
21 122 151 
21 123 655 
21 124 450 
21 125 240 
21 126 80 
21 127 362 
21 128 255 
21 129 414 
21 130 167 
22 23 32 
22 24 336 
22 25 535 
22 26 518 
22 27 319 
22 28 357 
22 29 371 
22 30 210 
22 31 285 
22 32 544 
22 33 65 
22 34 303 
22 35 150 
22 36 544 
22 37 7 
22 38 264 
22 39 258 
22 40 23 
22 41 281 
22 42 101 
22 43 394 
22 44 70 
22 45 381 
22 46 121 
22 47 21 
22 48 538 
22 49 216 
22 50 196 
22 51 122 
22 52 449 
22 53 180 
22 54 198 
22 55 99 
22 56 471 
22 57 497 
22 58 215 
22 59 221 
22 60 131 
22 61 469 
22 62 323 
22 63 484 
22 64 579 
22 65 440 
22 66 372 
22 67 121 
22 68 493 
22 69 602 
22 70 490 
22 71 247 
22 72 268 
22 73 369 
22 74 413 
22 75 420 
22 76 423 
22 77 456 
22 78 221 
22 79 306 
22 80 133 
22 81 394 
22 82 541 
22 83 224 
22 84 546 
22 85 325 
22 86 650 
22 87 364 
22 88 599 
22 89 424 
22 90 298 
22 91 322 
22 92 295 
22 93 47 
22 94 446 
22 95 324 
22 96 110 
22 97 511 
22 98 489 
22 99 385 
22 100 304 
22 101 608 
22 102 228 
22 103 443 
22 104 384 
22 105 313 
22 106 198 
22 107 411 
22 108 145 
22 109 458 
22 110 451 
22 111 628 
22 112 292 
22 113 531 
22 114 172 
22 115 314 
22 116 312 
22 117 254 
22 118 136 
22 119 563 
22 120 174 
22 121 166 
22 122 81 
22 123 626 
22 124 497 
22 125 306 
22 126 152 
22 127 393 
22 128 322 
22 129 461 
22 130 220 
23 24 365 
23 25 567 
23 26 550 
23 27 351 
23 28 374 
23 29 400 
23 30 220 
23 31 318 
23 32 574 
23 33 80 
23 34 335 
23 35 182 
23 36 573 
23 37 37 
23 38 287 
23 39 285 
23 40 31 
23 41 309 
23 42 116 
23 43 427 
23 44 87 
23 45 408 
23 46 151 
23 47 28 
23 48 570 
23 49 228 
23 50 226 
23 51 127 
23 52 464 
23 53 191 
23 54 230 
23 55 85 
23 56 491 
23 57 515 
23 58 228 
23 59 226 
23 60 132 
23 61 498 
23 62 345 
23 63 516 
23 64 610 
23 65 460 
23 66 371 
23 67 89 
23 68 525 
23 69 633 
23 70 523 
23 71 275 
23 72 275 
23 73 385 
23 74 428 
23 75 436 
23 76 452 
23 77 483 
23 78 213 
23 79 333 
23 80 165 
23 81 419 
23 82 562 
23 83 241 
23 84 575 
23 85 326 
23 86 681 
23 87 387 
23 88 630 
23 89 454 
23 90 301 
23 91 323 
23 92 312 
23 93 80 
23 94 475 
23 95 351 
23 96 77 
23 97 544 
23 98 521 
23 99 398 
23 100 335 
23 101 631 
23 102 205 
23 103 468 
23 104 416 
23 105 336 
23 106 218 
23 107 444 
23 108 165 
23 109 487 
23 110 482 
23 111 652 
23 112 314 
23 113 562 
23 114 190 
23 115 332 
23 116 341 
23 117 277 
23 118 168 
23 119 591 
23 120 180 
23 121 164 
23 122 59 
23 123 650 
23 124 528 
23 125 309 
23 126 164 
23 127 425 
23 128 347 
23 129 492 
23 130 249 
24 25 225 
24 26 319 
24 27 86 
24 28 493 
24 29 35 
24 30 442 
24 31 109 
24 32 212 
24 33 358 
24 34 137 
24 35 198 
24 36 209 
24 37 329 
24 38 119 
24 39 316 
24 40 335 
24 41 307 
24 42 269 
24 43 149 
24 44 286 
24 45 372 
24 46 272 
24 47 337 
24 48 233 
24 49 238 
24 50 268 
24 51 297 
24 52 255 
24 53 250 
24 54 162 
24 55 358 
24 56 221 
24 57 253 
24 58 231 
24 59 468 
24 60 306 
24 61 387 
24 62 413 
24 63 215 
24 64 428 
24 65 193 
24 66 621 
24 67 450 
24 68 202 
24 69 443 
24 70 261 
24 71 304 
24 72 272 
24 73 211 
24 74 240 
24 75 241 
24 76 378 
24 77 129 
24 78 520 
24 79 48 
24 80 259 
24 81 99 
24 82 268 
24 83 409 
24 84 211 
24 85 571 
24 86 469 
24 87 105 
24 88 416 
24 89 99 
24 90 542 
24 91 342 
24 92 180 
24 93 291 
24 94 111 
24 95 30 
24 96 439 
24 97 292 
24 98 179 
24 99 249 
24 100 58 
24 101 309 
24 102 465 
24 103 137 
24 104 173 
24 105 392 
24 106 181 
24 107 198 
24 108 357 
24 109 397 
24 110 141 
24 111 317 
24 112 389 
24 113 200 
24 114 380 
24 115 452 
24 116 23 
24 117 369 
24 118 240 
24 119 227 
24 120 276 
24 121 456 
24 122 374 
24 123 317 
24 124 351 
24 125 547 
24 126 399 
24 127 213 
24 128 372 
24 129 331 
24 130 277 
25 26 205 
25 27 216 
25 28 570 
25 29 196 
25 30 580 
25 31 251 
25 32 79 
25 33 539 
25 34 242 
25 35 385 
25 36 103 
25 37 529 
25 38 343 
25 39 413 
25 40 540 
25 41 390 
25 42 486 
25 43 153 
25 44 498 
25 45 399 
25 46 441 
25 47 541 
25 48 16 
25 49 463 
25 50 401 
25 51 518 
25 52 411 
25 53 475 
25 54 338 
25 55 575 
25 56 347 
25 57 371 
25 58 456 
25 59 609 
25 60 528 
25 61 353 
25 62 485 
25 63 89 
25 64 318 
25 65 334 
25 66 741 
25 67 655 
25 68 54 
25 69 323 
25 70 149 
25 71 407 
25 72 493 
25 73 402 
25 74 413 
25 75 411 
25 76 376 
25 77 199 
25 78 681 
25 79 272 
25 80 425 
25 81 255 
25 82 346 
25 83 533 
25 84 104 
25 85 695 
25 86 322 
25 87 290 
25 88 282 
25 89 125 
25 90 669 
25 91 557 
25 92 394 
25 93 487 
25 94 132 
25 95 252 
25 96 644 
25 97 170 
25 98 46 
25 99 437 
25 100 234 
25 101 330 
25 102 689 
25 103 244 
25 104 181 
25 105 466 
25 106 405 
25 107 170 
25 108 510 
25 109 374 
25 110 85 
25 111 311 
25 112 475 
25 113 79 
25 114 524 
25 115 540 
25 116 245 
25 117 472 
25 118 412 
25 119 154 
25 120 501 
25 121 620 
25 122 587 
25 123 315 
25 124 276 
25 125 672 
25 126 554 
25 127 206 
25 128 437 
25 129 281 
25 130 396 
26 27 250 
26 28 423 
26 29 311 
26 30 484 
26 31 263 
26 32 283 
26 33 497 
26 34 231 
26 35 379 
26 36 305 
26 37 514 
26 38 426 
26 39 308 
26 40 531 
26 41 279 
26 42 507 
26 43 170 
26 44 507 
26 45 240 
26 46 401 
26 47 531 
26 48 191 
26 49 531 
26 50 334 
26 51 548 
26 52 563 
26 53 529 
26 54 334 
26 55 588 
26 56 512 
26 57 541 
26 58 524 
26 59 512 
26 60 561 
26 61 162 
26 62 346 
26 63 128 
26 64 117 
26 65 491 
26 66 615 
26 67 637 
26 68 164 
26 69 128 
26 70 62 
26 71 309 
26 72 578 
26 73 530 
26 74 555 
26 75 555 
26 76 201 
26 77 368 
26 78 599 
26 79 363 
26 80 386 
26 81 396 
26 82 530 
26 83 430 
26 84 307 
26 85 576 
26 86 150 
26 87 418 
26 88 97 
26 89 256 
26 90 554 
26 91 652 
26 92 495 
26 93 472 
26 94 289 
26 95 349 
26 96 626 
26 97 35 
26 98 206 
26 99 567 
26 100 287 
26 101 528 
26 102 719 
26 103 406 
26 104 154 
26 105 331 
26 106 462 
26 107 124 
26 108 438 
26 109 187 
26 110 216 
26 111 513 
26 112 347 
26 113 280 
26 114 440 
26 115 405 
26 116 327 
26 117 359 
26 118 381 
26 119 357 
26 120 551 
26 121 546 
26 122 589 
26 123 516 
26 124 76 
26 125 554 
26 126 478 
26 127 128 
26 128 300 
26 129 97 
26 130 317 
27 28 416 
27 29 102 
27 30 384 
27 31 37 
27 32 234 
27 33 325 
27 34 52 
27 35 169 
27 36 240 
27 37 313 
27 38 176 
27 39 240 
27 40 325 
27 41 227 
27 42 277 
27 43 86 
27 44 285 
27 45 286 
27 46 229 
27 47 325 
27 48 219 
27 49 282 
27 50 204 
27 51 313 
27 52 341 
27 53 283 
27 54 122 
27 55 364 
27 56 308 
27 57 340 
27 58 275 
27 59 412 
27 60 325 
27 61 302 
27 62 333 
27 63 172 
27 64 352 
27 65 280 
27 66 558 
27 67 440 
27 68 175 
27 69 369 
27 70 200 
27 71 229 
27 72 327 
27 73 291 
27 74 324 
27 75 326 
27 76 291 
27 77 200 
27 78 475 
27 79 119 
27 80 214 
27 81 185 
27 82 352 
27 83 345 
27 84 242 
27 85 509 
27 86 400 
27 87 191 
27 88 347 
27 89 116 
27 90 481 
27 91 401 
27 92 247 
27 93 271 
27 94 150 
27 95 111 
27 96 428 
27 97 229 
27 98 170 
27 99 328 
27 100 37 
27 101 385 
27 102 486 
27 103 218 
27 104 97 
27 105 313 
27 106 214 
27 107 125 
27 108 306 
27 109 310 
27 110 133 
27 111 388 
27 112 312 
27 113 222 
27 114 324 
27 115 377 
27 116 84 
27 117 296 
27 118 198 
27 119 273 
27 120 307 
27 121 412 
27 122 373 
27 123 389 
27 124 272 
27 125 485 
27 126 349 
27 127 132 
27 128 290 
27 129 249 
27 130 207 
28 29 518 
28 30 163 
28 31 385 
28 32 624 
28 33 294 
28 34 365 
28 35 345 
28 36 637 
28 37 361 
28 38 510 
28 39 177 
28 40 381 
28 41 189 
28 42 432 
28 43 427 
28 44 407 
28 45 183 
28 46 279 
28 47 379 
28 48 563 
28 49 534 
28 50 235 
28 51 469 
28 52 717 
28 53 506 
28 54 349 
28 55 456 
28 56 706 
28 57 738 
28 58 530 
28 59 173 
28 60 480 
28 61 277 
28 62 85 
28 63 484 
28 64 405 
28 65 675 
28 66 199 
28 67 419 
28 68 516 
28 69 425 
28 70 442 
28 71 189 
28 72 594 
28 73 645 
28 74 688 
28 75 693 
28 76 225 
28 77 617 
28 78 259 
28 79 500 
28 80 281 
28 81 590 
28 82 761 
28 83 133 
28 84 640 
28 85 171 
28 86 482 
28 87 581 
28 88 450 
28 89 523 
28 90 160 
28 91 661 
28 92 574 
28 93 345 
28 94 562 
28 95 505 
28 96 412 
28 97 442 
28 98 540 
28 99 674 
28 100 436 
28 101 802 
28 102 577 
28 103 631 
28 104 393 
28 105 105 
28 106 481 
28 107 400 
28 108 212 
28 109 251 
28 110 518 
28 111 805 
28 112 104 
28 113 615 
28 114 184 
28 115 45 
28 116 479 
28 117 128 
28 118 299 
28 119 680 
28 120 511 
28 121 245 
28 122 433 
28 123 806 
28 124 356 
28 125 157 
28 126 211 
28 127 364 
28 128 133 
28 129 326 
28 130 219 
29 30 473 
29 31 132 
29 32 178 
29 33 392 
29 34 155 
29 35 232 
29 36 174 
29 37 364 
29 38 147 
29 39 341 
29 40 370 
29 41 329 
29 42 303 
29 43 145 
29 44 321 
29 45 388 
29 46 305 
29 47 372 
29 48 206 
29 49 267 
29 50 297 
29 51 330 
29 52 254 
29 53 281 
29 54 195 
29 55 392 
29 56 211 
29 57 242 
29 58 260 
29 59 499 
29 60 339 
29 61 394 
29 62 435 
29 63 198 
29 64 423 
29 65 185 
29 66 651 
29 67 485 
29 68 180 
29 69 437 
29 70 251 
29 71 329 
29 72 296 
29 73 220 
29 74 244 
29 75 244 
29 76 389 
29 77 100 
29 78 554 
29 79 77 
29 80 291 
29 81 88 
29 82 250 
29 83 438 
29 84 176 
29 85 601 
29 86 459 
29 87 107 
29 88 407 
29 89 71 
29 90 572 
29 91 363 
29 92 200 
29 93 326 
29 94 76 
29 95 56 
29 96 474 
29 97 281 
29 98 153 
29 99 257 
29 100 83 
29 101 283 
29 102 497 
29 103 116 
29 104 174 
29 105 415 
29 106 213 
29 107 195 
29 108 389 
29 109 405 
29 110 116 
29 111 289 
29 112 413 
29 113 166 
29 114 411 
29 115 477 
29 116 58 
29 117 395 
29 118 273 
29 119 192 
29 120 307 
29 121 490 
29 122 408 
29 123 289 
29 124 350 
29 125 577 
29 126 431 
29 127 216 
29 128 393 
29 129 334 
29 130 304 
30 31 348 
30 32 616 
30 33 145 
30 34 342 
30 35 254 
30 36 624 
30 37 215 
30 38 420 
30 39 176 
30 40 233 
30 41 205 
30 42 301 
30 43 427 
30 44 272 
30 45 270 
30 46 175 
30 47 231 
30 48 577 
30 49 413 
30 50 181 
30 51 331 
30 52 625 
30 53 380 
30 54 280 
30 55 305 
30 56 630 
30 57 660 
30 58 411 
30 59 28 
30 60 341 
30 61 374 
30 62 169 
30 63 505 
30 64 503 
30 65 598 
30 66 180 
30 67 256 
30 68 528 
30 69 525 
30 70 482 
30 71 178 
30 72 470 
30 73 548 
30 74 592 
30 75 599 
30 76 320 
30 77 572 
30 78 116 
30 79 433 
30 80 186 
30 81 527 
30 82 694 
30 83 55 
30 84 626 
30 85 130 
30 86 581 
30 87 509 
30 88 538 
30 89 501 
30 90 101 
30 91 530 
30 92 473 
30 93 213 
30 94 534 
30 95 444 
30 96 250 
30 97 493 
30 98 541 
30 99 571 
30 100 390 
30 101 748 
30 102 418 
30 103 574 
30 104 400 
30 105 172 
30 106 373 
30 107 419 
30 108 87 
30 109 354 
30 110 510 
30 111 759 
30 112 149 
30 113 605 
30 114 61 
30 115 130 
30 116 422 
30 117 126 
30 118 207 
30 119 657 
30 120 379 
30 121 83 
30 122 279 
30 123 759 
30 124 434 
30 125 107 
30 126 58 
30 127 387 
30 128 198 
30 129 399 
30 130 184 
31 32 272 
31 33 289 
31 34 35 
31 35 135 
31 36 277 
31 37 280 
31 38 173 
31 39 208 
31 40 292 
31 41 198 
31 42 250 
31 43 110 
31 44 256 
31 45 265 
31 46 192 
31 47 293 
31 48 253 
31 49 269 
31 50 167 
31 51 289 
31 52 355 
31 53 265 
31 54 87 
31 55 336 
31 56 329 
31 57 361 
31 58 262 
31 59 375 
31 60 301 
31 61 293 
31 62 303 
31 63 200 
31 64 357 
31 65 300 
31 66 522 
31 67 407 
31 68 207 
31 69 376 
31 70 219 
31 71 197 
31 72 319 
31 73 299 
31 74 335 
31 75 338 
31 76 276 
31 77 232 
31 78 438 
31 79 129 
31 80 176 
31 81 208 
31 82 378 
31 83 309 
31 84 279 
31 85 473 
31 86 411 
31 87 207 
31 88 357 
31 89 153 
31 90 444 
31 91 394 
31 92 247 
31 93 238 
31 94 186 
31 95 127 
31 96 395 
31 97 246 
31 98 206 
31 99 335 
31 100 51 
31 101 416 
31 102 462 
31 103 246 
31 104 110 
31 105 283 
31 106 199 
31 107 140 
31 108 268 
31 109 299 
31 110 169 
31 111 421 
31 112 281 
31 113 260 
31 114 287 
31 115 345 
31 116 98 
31 117 263 
31 118 161 
31 119 309 
31 120 288 
31 121 375 
31 122 343 
31 123 421 
31 124 274 
31 125 449 
31 126 312 
31 127 137 
31 128 262 
31 129 247 
31 130 172 
32 33 558 
32 34 273 
32 35 398 
32 36 24 
32 37 538 
32 38 322 
32 39 458 
32 40 546 
32 41 438 
32 42 482 
32 43 197 
32 44 498 
32 45 460 
32 46 464 
32 47 547 
32 48 94 
32 49 440 
32 50 435 
32 51 509 
32 52 352 
32 53 458 
32 54 355 
32 55 571 
32 56 283 
32 57 304 
32 58 434 
32 59 644 
32 60 518 
32 61 424 
32 62 539 
32 63 159 
32 64 397 
32 65 276 
32 66 785 
32 67 661 
32 68 121 
32 69 402 
32 70 224 
32 71 450 
32 72 462 
32 73 355 
32 74 359 
32 75 356 
32 76 442 
32 77 143 
32 78 710 
32 79 255 
32 80 448 
32 81 211 
32 82 273 
32 83 573 
32 84 25 
32 85 737 
32 86 401 
32 87 250 
32 88 361 
32 89 120 
32 90 710 
32 91 520 
32 92 361 
32 93 498 
32 94 102 
32 95 233 
32 96 650 
32 97 248 
32 98 86 
32 99 388 
32 100 241 
32 101 252 
32 102 675 
32 103 187 
32 104 231 
32 105 519 
32 106 391 
32 107 228 
32 108 540 
32 109 444 
32 110 107 
32 111 232 
32 112 525 
32 113 12 
32 114 557 
32 115 591 
32 116 235 
32 117 517 
32 118 432 
32 119 75 
32 120 484 
32 121 647 
32 122 586 
32 123 236 
32 124 351 
32 125 713 
32 126 583 
32 127 264 
32 128 491 
32 129 353 
32 130 434 
33 34 299 
33 35 160 
33 36 560 
33 37 70 
33 38 305 
33 39 213 
33 40 88 
33 41 239 
33 42 159 
33 43 391 
33 44 129 
33 45 335 
33 46 99 
33 47 86 
33 48 540 
33 49 275 
33 50 163 
33 51 186 
33 52 500 
33 53 240 
33 54 203 
33 55 162 
33 56 515 
33 57 543 
33 58 273 
33 59 156 
33 60 196 
33 61 429 
33 62 266 
33 63 479 
33 64 547 
33 65 484 
33 66 310 
33 67 146 
33 68 493 
33 69 569 
33 70 476 
33 71 205 
33 72 329 
33 73 421 
33 74 465 
33 75 472 
33 76 380 
33 77 484 
33 78 170 
33 79 335 
33 80 115 
33 81 427 
33 82 584 
33 83 161 
33 84 562 
33 85 262 
33 86 620 
33 87 401 
33 88 571 
33 89 437 
33 90 235 
33 91 386 
33 92 346 
33 93 77 
33 94 463 
33 95 351 
33 96 136 
33 97 495 
33 98 495 
33 99 440 
33 100 317 
33 101 646 
33 102 284 
33 103 476 
33 104 375 
33 105 258 
33 106 245 
33 107 400 
33 108 85 
33 109 416 
33 110 458 
33 111 663 
33 112 236 
33 113 545 
33 114 110 
33 115 252 
33 116 335 
33 117 199 
33 118 127 
33 119 584 
33 120 236 
33 121 109 
33 122 139 
33 123 662 
33 124 467 
33 125 242 
33 126 87 
33 127 377 
33 128 271 
33 129 430 
33 130 184 
34 35 155 
34 36 282 
34 37 298 
34 38 209 
34 39 190 
34 40 312 
34 41 176 
34 42 277 
34 43 92 
34 44 280 
34 45 235 
34 46 200 
34 47 313 
34 48 242 
34 49 303 
34 50 161 
34 51 318 
34 52 389 
34 53 298 
34 54 107 
34 55 361 
34 56 359 
34 57 391 
34 58 296 
34 59 370 
34 60 330 
34 61 258 
34 62 281 
34 63 181 
34 64 322 
34 65 330 
34 66 512 
34 67 424 
34 68 194 
34 69 341 
34 70 191 
34 71 180 
34 72 354 
34 73 334 
34 74 369 
34 75 372 
34 76 243 
34 77 252 
34 78 439 
34 79 163 
34 80 184 
34 81 236 
34 82 404 
34 83 299 
34 84 284 
34 85 464 
34 86 378 
34 87 239 
34 88 324 
34 89 161 
34 90 436 
34 91 429 
34 92 283 
34 93 255 
34 94 197 
34 95 159 
34 96 413 
34 97 216 
34 98 200 
34 99 370 
34 100 81 
34 101 438 
34 102 489 
34 103 271 
34 104 82 
34 105 261 
34 106 233 
34 107 111 
34 108 268 
34 109 264 
34 110 167 
34 111 440 
34 112 261 
34 113 262 
34 114 284 
34 115 327 
34 116 130 
34 117 247 
34 118 172 
34 119 319 
34 120 320 
34 121 378 
34 122 366 
34 123 441 
34 124 238 
34 125 440 
34 126 312 
34 127 103 
34 128 238 
34 129 211 
34 130 161 
35 36 400 
35 37 144 
35 38 168 
35 39 185 
35 40 157 
35 41 195 
35 42 131 
35 43 245 
35 44 128 
35 45 293 
35 46 78 
35 47 158 
35 48 388 
35 49 199 
35 50 113 
35 51 175 
35 52 375 
35 53 178 
35 54 48 
35 55 209 
35 56 376 
35 57 406 
35 58 193 
35 59 277 
35 60 188 
35 61 360 
35 62 279 
35 63 334 
35 64 454 
35 65 344 
35 66 435 
35 67 271 
35 68 343 
35 69 475 
35 70 345 
35 71 171 
35 72 258 
35 73 301 
35 74 345 
35 75 351 
35 76 324 
35 77 326 
35 78 322 
35 79 180 
35 80 68 
35 81 275 
35 82 439 
35 83 232 
35 84 402 
35 85 384 
35 86 519 
35 87 254 
35 88 466 
35 89 278 
35 90 355 
35 91 331 
35 92 230 
35 93 102 
35 94 303 
35 95 194 
35 96 260 
35 97 368 
35 98 340 
35 99 329 
35 100 157 
35 101 496 
35 102 341 
35 103 323 
35 104 236 
35 105 262 
35 106 137 
35 107 265 
35 108 166 
35 109 356 
35 110 302 
35 111 510 
35 112 249 
35 113 386 
35 114 193 
35 115 299 
35 116 176 
35 117 217 
35 118 47 
35 119 424 
35 120 193 
35 121 259 
35 122 211 
35 123 509 
35 124 369 
35 125 361 
35 126 205 
35 127 251 
35 128 255 
35 129 336 
35 130 136 
36 37 537 
36 38 313 
36 39 469 
36 40 544 
36 41 450 
36 42 477 
36 43 210 
36 44 495 
36 45 477 
36 46 467 
36 47 545 
36 48 118 
36 49 430 
36 50 443 
36 51 503 
36 52 331 
36 53 450 
36 54 357 
36 55 566 
36 56 261 
36 57 282 
36 58 424 
36 59 651 
36 60 511 
36 61 444 
36 62 552 
36 63 180 
36 64 420 
36 65 256 
36 66 794 
36 67 659 
36 68 142 
36 69 426 
36 70 246 
36 71 460 
36 72 449 
36 73 338 
36 74 340 
36 75 337 
36 76 461 
36 77 126 
36 78 715 
36 79 248 
36 80 452 
36 81 197 
36 82 249 
36 83 582 
36 84 2 
36 85 746 
36 86 425 
36 87 236 
36 88 385 
36 89 123 
36 90 718 
36 91 505 
36 92 348 
36 93 498 
36 94 98 
36 95 227 
36 96 648 
36 97 270 
36 98 104 
36 99 370 
36 100 242 
36 101 227 
36 102 666 
36 103 169 
36 104 246 
36 105 532 
36 106 384 
36 107 245 
36 108 546 
36 109 463 
36 110 119 
36 111 208 
36 112 537 
36 113 25 
36 114 564 
36 115 603 
36 116 232 
36 117 528 
36 118 435 
36 119 52 
36 120 476 
36 121 652 
36 122 583 
36 123 212 
36 124 373 
36 125 722 
36 126 589 
36 127 280 
36 128 505 
36 129 373 
36 130 443 
37 38 256 
37 39 257 
37 40 21 
37 41 280 
37 42 93 
37 43 389 
37 44 62 
37 45 380 
37 46 119 
37 47 19 
37 48 532 
37 49 209 
37 50 194 
37 51 116 
37 52 441 
37 53 173 
37 54 192 
37 55 96 
37 56 463 
37 57 489 
37 58 208 
37 59 226 
37 60 125 
37 61 467 
37 62 325 
37 63 479 
37 64 577 
37 65 432 
37 66 378 
37 67 126 
37 68 488 
37 69 599 
37 70 486 
37 71 247 
37 72 261 
37 73 361 
37 74 406 
37 75 413 
37 76 422 
37 77 449 
37 78 229 
37 79 298 
37 80 131 
37 81 386 
37 82 534 
37 83 228 
37 84 539 
37 85 331 
37 86 647 
37 87 356 
37 88 595 
37 89 417 
37 90 304 
37 91 316 
37 92 287 
37 93 42 
37 94 439 
37 95 317 
37 96 115 
37 97 507 
37 98 483 
37 99 377 
37 100 297 
37 101 601 
37 102 227 
37 103 436 
37 104 379 
37 105 314 
37 106 190 
37 107 407 
37 108 148 
37 109 457 
37 110 445 
37 111 621 
37 112 293 
37 113 525 
37 114 176 
37 115 317 
37 116 305 
37 117 256 
37 118 132 
37 119 555 
37 120 167 
37 121 173 
37 122 81 
37 123 619 
37 124 494 
37 125 312 
37 126 157 
37 127 389 
37 128 322 
37 129 459 
37 130 219 
38 39 340 
38 40 256 
38 41 341 
38 42 176 
38 43 257 
38 44 201 
38 45 427 
38 46 245 
38 47 258 
38 48 352 
38 49 119 
38 50 274 
38 51 193 
38 52 207 
38 53 136 
38 54 162 
38 55 259 
38 56 211 
38 57 239 
38 58 113 
38 59 442 
38 60 200 
38 61 466 
38 62 438 
38 63 332 
38 64 528 
38 65 179 
38 66 601 
38 67 364 
38 68 322 
38 69 545 
38 70 372 
38 71 326 
38 72 154 
38 73 136 
38 74 178 
38 75 183 
38 76 445 
38 77 203 
38 78 475 
38 79 70 
38 80 236 
38 81 133 
38 82 279 
38 83 401 
38 84 315 
38 85 550 
38 86 576 
38 87 100 
38 88 523 
38 89 217 
38 90 521 
38 91 226 
38 92 74 
38 93 228 
38 94 221 
38 95 91 
38 96 354 
38 97 402 
38 98 298 
38 99 168 
38 100 139 
38 101 344 
38 102 352 
38 103 182 
38 104 273 
38 105 419 
38 106 73 
38 107 301 
38 108 333 
38 109 470 
38 110 260 
38 111 365 
38 112 409 
38 113 309 
38 114 361 
38 115 465 
38 116 103 
38 117 381 
38 118 216 
38 119 318 
38 120 162 
38 121 412 
38 122 281 
38 123 362 
38 124 446 
38 125 528 
38 126 368 
38 127 307 
38 128 407 
38 129 421 
38 130 292 
39 40 278 
39 41 29 
39 42 299 
39 43 262 
39 44 282 
39 45 123 
39 46 143 
39 47 277 
39 48 408 
39 49 384 
39 50 72 
39 51 342 
39 52 544 
39 53 361 
39 54 178 
39 55 351 
39 56 530 
39 57 562 
39 58 379 
39 59 204 
39 60 354 
39 61 216 
39 62 98 
39 63 333 
39 64 339 
39 65 499 
39 66 328 
39 67 360 
39 68 359 
39 69 361 
39 70 306 
39 71 13 
39 72 443 
39 73 476 
39 74 518 
39 75 522 
39 76 167 
39 77 440 
39 78 290 
39 79 324 
39 80 137 
39 81 413 
39 82 584 
39 83 123 
39 84 471 
39 85 282 
39 86 414 
39 87 405 
39 88 368 
39 89 351 
39 90 256 
39 91 516 
39 92 409 
39 93 225 
39 94 388 
39 95 329 
39 96 349 
39 97 316 
39 98 377 
39 99 507 
39 100 258 
39 101 625 
39 102 485 
39 103 453 
39 104 231 
39 105 79 
39 106 322 
39 107 246 
39 108 137 
39 109 202 
39 110 350 
39 111 629 
39 112 72 
39 113 448 
39 114 133 
39 115 136 
39 116 302 
39 117 59 
39 118 149 
39 119 508 
39 120 372 
39 121 239 
39 122 338 
39 123 630 
39 124 263 
39 125 259 
39 126 172 
39 127 213 
39 128 70 
39 129 227 
39 130 49 
40 41 300 
40 42 86 
40 43 402 
40 44 56 
40 45 401 
40 46 138 
40 47 2 
40 48 544 
40 49 199 
40 50 214 
40 51 102 
40 52 435 
40 53 163 
40 54 205 
40 55 75 
40 56 460 
40 57 485 
40 58 199 
40 59 243 
40 60 109 
40 61 487 
40 62 346 
40 63 492 
40 64 596 
40 65 429 
40 66 393 
40 67 115 
40 68 500 
40 69 618 
40 70 501 
40 71 267 
40 72 249 
40 73 355 
40 74 399 
40 75 406 
40 76 443 
40 77 452 
40 78 239 
40 79 302 
40 80 150 
40 81 388 
40 82 531 
40 83 248 
40 84 546 
40 85 346 
40 86 665 
40 87 356 
40 88 614 
40 89 426 
40 90 320 
40 91 301 
40 92 282 
40 93 58 
40 94 446 
40 95 321 
40 96 104 
40 97 523 
40 98 494 
40 99 369 
40 100 307 
40 101 600 
40 102 206 
40 103 437 
40 104 394 
40 105 335 
40 106 187 
40 107 422 
40 108 168 
40 109 477 
40 110 455 
40 111 621 
40 112 314 
40 113 533 
40 114 196 
40 115 338 
40 116 312 
40 117 277 
40 118 150 
40 119 561 
40 120 154 
40 121 186 
40 122 60 
40 123 619 
40 124 513 
40 125 328 
40 126 175 
40 127 405 
40 128 343 
40 129 477 
40 130 239 
41 42 316 
41 43 241 
41 44 300 
41 45 101 
41 46 163 
41 47 299 
41 48 384 
41 49 394 
41 50 88 
41 51 359 
41 52 543 
41 53 373 
41 54 180 
41 55 372 
41 56 525 
41 57 557 
41 58 388 
41 59 233 
41 60 371 
41 61 190 
41 62 105 
41 63 308 
41 64 310 
41 65 494 
41 66 351 
41 67 386 
41 68 336 
41 69 333 
41 70 279 
41 71 34 
41 72 453 
41 73 477 
41 74 518 
41 75 522 
41 76 142 
41 77 428 
41 78 319 
41 79 319 
41 80 154 
41 81 405 
41 82 576 
41 83 151 
41 84 452 
41 85 307 
41 86 385 
41 87 401 
41 88 339 
41 89 334 
41 90 282 
41 91 526 
41 92 412 
41 93 246 
41 94 372 
41 95 322 
41 96 376 
41 97 287 
41 98 356 
41 99 509 
41 100 249 
41 101 613 
41 102 506 
41 103 444 
41 104 209 
41 105 85 
41 106 330 
41 107 221 
41 108 166 
41 109 177 
41 110 331 
41 111 616 
41 112 86 
41 113 428 
41 114 162 
41 115 153 
41 116 294 
41 117 83 
41 118 164 
41 119 491 
41 120 386 
41 121 269 
41 122 361 
41 123 617 
41 124 234 
41 125 284 
41 126 201 
41 127 187 
41 128 65 
41 129 198 
41 130 63 
42 43 361 
42 44 31 
42 45 417 
42 46 159 
42 47 88 
42 48 491 
42 49 115 
42 50 228 
42 51 43 
42 52 348 
42 53 80 
42 54 173 
42 55 89 
42 56 375 
42 57 399 
42 58 114 
42 59 315 
42 60 56 
42 61 490 
42 62 383 
42 63 449 
42 64 586 
42 65 344 
42 66 470 
42 67 188 
42 68 451 
42 69 607 
42 70 469 
42 71 286 
42 72 169 
42 73 269 
42 74 313 
42 75 320 
42 76 452 
42 77 377 
42 78 323 
42 79 230 
42 80 162 
42 81 309 
42 82 446 
42 83 303 
42 84 479 
42 85 422 
42 86 649 
42 87 275 
42 88 596 
42 89 365 
42 90 394 
42 91 230 
42 92 196 
42 93 88 
42 94 380 
42 95 250 
42 96 178 
42 97 494 
42 98 439 
42 99 284 
42 100 252 
42 101 517 
42 102 212 
42 103 358 
42 104 359 
42 105 369 
42 106 104 
42 107 389 
42 108 222 
42 109 485 
42 110 400 
42 111 539 
42 112 351 
42 113 469 
42 114 252 
42 115 387 
42 116 246 
42 117 315 
42 118 152 
42 119 489 
42 120 79 
42 121 266 
42 122 106 
42 123 537 
42 124 501 
42 125 402 
42 126 242 
42 127 379 
42 128 370 
42 129 468 
42 130 253 
43 44 367 
43 45 268 
43 46 292 
43 47 403 
43 48 151 
43 49 367 
43 50 248 
43 51 398 
43 52 399 
43 53 369 
43 54 196 
43 55 447 
43 56 354 
43 57 384 
43 58 360 
43 59 455 
43 60 410 
43 61 254 
43 62 341 
43 63 89 
43 64 279 
43 65 330 
43 66 590 
43 67 516 
43 68 102 
43 69 294 
43 70 115 
43 71 255 
43 72 411 
43 73 360 
43 74 387 
43 75 388 
43 76 259 
43 77 220 
43 78 528 
43 79 193 
43 80 276 
43 81 233 
43 82 384 
43 83 380 
43 84 213 
43 85 543 
43 86 320 
43 87 251 
43 88 267 
43 89 108 
43 90 516 
43 91 483 
43 92 325 
43 93 346 
43 94 147 
43 95 179 
43 96 504 
43 97 145 
43 98 115 
43 99 398 
43 100 119 
43 101 400 
43 102 571 
43 103 252 
43 104 36 
43 105 321 
43 106 300 
43 107 50 
43 108 357 
43 109 269 
43 110 91 
43 111 394 
43 112 327 
43 113 187 
43 114 370 
43 115 393 
43 116 157 
43 117 321 
43 118 264 
43 119 255 
43 120 393 
43 121 468 
43 122 454 
43 123 397 
43 124 205 
43 125 520 
43 126 401 
43 127 76 
43 128 294 
43 129 190 
43 130 243 
44 45 402 
44 46 139 
44 47 58 
44 48 502 
44 49 146 
44 50 212 
44 51 62 
44 52 379 
44 53 111 
44 54 173 
44 55 81 
44 56 403 
44 57 428 
44 58 145 
44 59 285 
44 60 73 
44 61 480 
44 62 361 
44 63 456 
44 64 581 
44 65 373 
44 66 440 
44 67 165 
44 68 460 
44 69 602 
44 70 471 
44 71 270 
44 72 200 
44 73 299 
44 74 343 
44 75 350 
44 76 439 
44 77 399 
44 78 292 
44 79 250 
44 80 146 
44 81 333 
44 82 475 
44 83 276 
44 84 497 
44 85 392 
44 86 646 
44 87 301 
44 88 594 
44 89 380 
44 90 364 
44 91 258 
44 92 226 
44 93 61 
44 94 397 
44 95 270 
44 96 155 
44 97 496 
44 98 451 
44 99 315 
44 100 263 
44 101 544 
44 102 213 
44 103 382 
44 104 362 
44 105 348 
44 106 131 
44 107 392 
44 108 195 
44 109 473 
44 110 412 
44 111 566 
44 112 329 
44 113 485 
44 114 225 
44 115 362 
44 116 263 
44 117 293 
44 118 138 
44 119 510 
44 120 107 
44 121 235 
44 122 88 
44 123 563 
44 124 496 
44 125 372 
44 126 213 
44 127 379 
44 128 351 
44 129 462 
44 130 237 
45 46 264 
45 47 400 
45 48 390 
45 49 491 
45 50 190 
45 51 460 
45 52 621 
45 53 472 
45 54 272 
45 55 474 
45 56 594 
45 57 626 
45 58 485 
45 59 294 
45 60 473 
45 61 104 
45 62 109 
45 63 310 
45 64 234 
45 65 565 
45 66 377 
45 67 481 
45 68 345 
45 69 256 
45 70 262 
45 71 133 
45 72 549 
45 73 561 
45 74 599 
45 75 602 
45 76 49 
45 77 481 
45 78 386 
45 79 394 
45 80 256 
45 81 471 
45 82 638 
45 83 215 
45 84 479 
45 85 341 
45 86 312 
45 87 473 
45 88 273 
45 89 374 
45 90 321 
45 91 624 
45 92 500 
45 93 347 
45 94 414 
45 95 393 
45 96 471 
45 97 260 
45 98 374 
45 99 595 
45 100 316 
45 101 665 
45 102 608 
45 103 504 
45 104 232 
45 105 99 
45 106 425 
45 107 232 
45 108 255 
45 109 84 
45 110 359 
45 111 662 
45 112 120 
45 113 452 
45 114 244 
45 115 168 
45 116 364 
45 117 146 
45 118 265 
45 119 523 
45 120 486 
45 121 346 
45 122 462 
45 123 664 
45 124 174 
45 125 321 
45 126 283 
45 127 196 
45 128 71 
45 129 143 
45 130 164 
46 47 138 
46 48 442 
46 49 255 
46 50 76 
46 51 200 
46 52 451 
46 53 227 
46 54 110 
46 55 209 
46 56 454 
46 57 484 
46 58 251 
46 59 199 
46 60 212 
46 61 348 
46 62 224 
46 63 380 
46 64 458 
46 65 422 
46 66 356 
46 67 236 
46 68 395 
46 69 481 
46 70 378 
46 71 131 
46 72 315 
46 73 375 
46 74 420 
46 75 426 
46 76 304 
46 77 402 
46 78 248 
46 79 258 
46 80 15 
46 81 353 
46 82 518 
46 83 157 
46 84 470 
46 85 306 
46 86 529 
46 87 333 
46 88 479 
46 89 344 
46 90 277 
46 91 383 
46 92 302 
46 93 83 
46 94 373 
46 95 271 
46 96 225 
46 97 397 
46 98 398 
46 99 401 
46 100 226 
46 101 574 
46 102 343 
46 103 400 
46 104 275 
46 105 210 
46 106 204 
46 107 301 
46 108 88 
46 109 339 
46 110 362 
46 111 587 
46 112 192 
46 113 451 
46 114 115 
46 115 233 
46 116 251 
46 117 156 
46 118 32 
46 119 495 
46 120 235 
46 121 184 
46 122 199 
46 123 586 
46 124 376 
46 125 283 
46 126 127 
46 127 279 
46 128 212 
46 129 340 
46 130 100 
47 48 544 
47 49 202 
47 50 213 
47 51 104 
47 52 437 
47 53 165 
47 54 206 
47 55 77 
47 56 462 
47 57 487 
47 58 202 
47 59 240 
47 60 112 
47 61 486 
47 62 344 
47 63 493 
47 64 595 
47 65 432 
47 66 390 
47 67 114 
47 68 500 
47 69 617 
47 70 501 
47 71 266 
47 72 252 
47 73 358 
47 74 401 
47 75 409 
47 76 441 
47 77 454 
47 78 236 
47 79 304 
47 80 149 
47 81 390 
47 82 533 
47 83 245 
47 84 547 
47 85 344 
47 86 665 
47 87 358 
47 88 613 
47 89 427 
47 90 317 
47 91 303 
47 92 284 
47 93 58 
47 94 447 
47 95 323 
47 96 103 
47 97 523 
47 98 495 
47 99 372 
47 100 308 
47 101 602 
47 102 208 
47 103 439 
47 104 394 
47 105 333 
47 106 189 
47 107 422 
47 108 166 
47 109 476 
47 110 456 
47 111 623 
47 112 312 
47 113 534 
47 114 194 
47 115 335 
47 116 313 
47 117 275 
47 118 150 
47 119 563 
47 120 157 
47 121 183 
47 122 61 
47 123 621 
47 124 512 
47 125 325 
47 126 173 
47 127 405 
47 128 342 
47 129 477 
47 130 238 
48 49 472 
48 50 399 
48 51 525 
48 52 426 
48 53 483 
48 54 340 
48 55 580 
48 56 362 
48 57 386 
48 58 465 
48 59 606 
48 60 535 
48 61 340 
48 62 479 
48 63 79 
48 64 303 
48 65 349 
48 66 736 
48 67 659 
48 68 49 
48 69 308 
48 70 137 
48 71 402 
48 72 503 
48 73 415 
48 74 427 
48 75 425 
48 76 365 
48 77 214 
48 78 679 
48 79 282 
48 80 426 
48 81 268 
48 82 362 
48 83 529 
48 84 120 
48 85 691 
48 86 306 
48 87 302 
48 88 266 
48 89 135 
48 90 665 
48 91 569 
48 92 406 
48 93 490 
48 94 145 
48 95 261 
48 96 648 
48 97 156 
48 98 53 
48 99 450 
48 100 239 
48 101 346 
48 102 696 
48 103 258 
48 104 177 
48 105 460 
48 106 413 
48 107 163 
48 108 509 
48 109 362 
48 110 92 
48 111 326 
48 112 469 
48 113 95 
48 114 521 
48 115 534 
48 116 253 
48 117 467 
48 118 413 
48 119 170 
48 120 508 
48 121 619 
48 122 591 
48 123 331 
48 124 263 
48 125 667 
48 126 552 
48 127 199 
48 128 430 
48 129 269 
48 130 393 
49 50 311 
49 51 104 
49 52 239 
49 53 36 
49 54 221 
49 55 170 
49 56 276 
49 57 297 
49 58 7 
49 59 429 
49 60 104 
49 61 548 
49 62 476 
49 63 448 
49 64 626 
49 65 249 
49 66 585 
49 67 284 
49 68 439 
49 69 645 
49 70 482 
49 71 370 
49 72 60 
49 73 161 
49 74 203 
49 75 210 
49 76 518 
49 77 314 
49 78 438 
49 79 190 
49 80 254 
49 81 240 
49 82 349 
49 83 409 
49 84 432 
49 85 537 
49 86 680 
49 87 201 
49 88 627 
49 89 337 
49 90 509 
49 91 132 
49 92 96 
49 93 200 
49 94 340 
49 95 211 
49 96 277 
49 97 511 
49 98 418 
49 99 170 
49 100 247 
49 101 425 
49 102 238 
49 103 284 
49 104 377 
49 105 459 
49 106 69 
49 107 407 
49 108 331 
49 109 547 
49 110 379 
49 111 453 
49 112 444 
49 113 428 
49 114 361 
49 115 488 
49 116 220 
49 117 410 
49 118 237 
49 119 431 
49 120 54 
49 121 382 
49 122 199 
49 123 449 
49 124 542 
49 125 516 
49 126 355 
49 127 407 
49 128 455 
49 129 513 
49 130 335 
50 51 271 
50 52 481 
50 53 288 
50 54 114 
50 55 285 
50 56 473 
50 57 504 
50 58 306 
50 59 209 
50 60 283 
50 61 272 
50 62 166 
50 63 330 
50 64 385 
50 65 441 
50 66 354 
50 67 307 
50 68 351 
50 69 407 
50 70 318 
50 71 59 
50 72 371 
50 73 410 
50 74 453 
50 75 458 
50 76 228 
50 77 397 
50 78 280 
50 79 267 
50 80 66 
50 81 360 
50 82 530 
50 83 141 
50 84 445 
50 85 305 
50 86 457 
50 87 348 
50 88 407 
50 89 320 
50 90 276 
50 91 443 
50 92 341 
50 93 158 
50 94 354 
50 95 275 
50 96 297 
50 97 334 
50 98 361 
50 99 440 
50 100 213 
50 101 577 
50 102 419 
50 103 404 
50 104 225 
50 105 148 
50 106 251 
50 107 246 
50 108 109 
50 109 263 
50 110 329 
50 111 585 
50 112 136 
50 113 424 
50 114 122 
50 115 190 
50 116 250 
50 117 106 
50 118 76 
50 119 477 
50 120 300 
50 121 220 
50 122 275 
50 123 585 
50 124 303 
50 125 281 
50 126 152 
50 127 219 
50 128 143 
50 129 267 
50 130 25 
51 52 344 
51 53 68 
51 54 215 
51 55 67 
51 56 378 
51 57 400 
51 58 106 
51 59 343 
51 60 13 
51 61 534 
51 62 423 
51 63 486 
51 64 629 
51 65 349 
51 66 494 
51 67 180 
51 68 486 
51 69 650 
51 70 508 
51 71 329 
51 72 148 
51 73 265 
51 74 307 
51 75 315 
51 76 496 
51 77 397 
51 78 340 
51 79 254 
51 80 205 
51 81 326 
51 82 451 
51 83 338 
51 84 505 
51 85 448 
51 86 692 
51 87 289 
51 88 638 
51 89 395 
51 90 421 
51 91 199 
51 92 197 
51 93 124 
51 94 407 
51 95 276 
51 96 172 
51 97 534 
51 98 472 
51 99 275 
51 100 286 
51 101 525 
51 102 172 
51 103 373 
51 104 399 
51 105 410 
51 106 120 
51 107 429 
51 108 257 
51 109 528 
51 110 432 
51 111 550 
51 112 391 
51 113 496 
51 114 287 
51 115 424 
51 116 275 
51 117 354 
51 118 195 
51 119 511 
51 120 53 
51 121 288 
51 122 94 
51 123 547 
51 124 544 
51 125 429 
51 126 272 
51 127 420 
51 128 412 
51 129 511 
51 130 296 
52 53 275 
52 54 367 
52 55 409 
52 56 73 
52 57 71 
52 58 238 
52 59 645 
52 60 344 
52 61 643 
52 62 643 
52 63 444 
52 64 677 
52 65 76 
52 66 804 
52 67 524 
52 68 417 
52 69 691 
52 70 502 
52 71 531 
52 72 210 
52 73 79 
52 74 36 
52 75 28 
52 76 632 
52 77 212 
52 78 669 
52 79 226 
52 80 443 
52 81 167 
52 82 131 
52 83 608 
52 84 332 
52 85 754 
52 86 709 
52 87 150 
52 88 659 
52 89 309 
52 90 725 
52 91 224 
52 92 154 
52 93 422 
52 94 284 
52 95 230 
52 96 517 
52 97 533 
52 98 380 
52 99 74 
52 100 307 
52 101 213 
52 102 449 
52 103 167 
52 104 427 
52 105 624 
52 106 254 
52 107 449 
52 108 538 
52 109 652 
52 110 354 
52 111 250 
52 112 615 
52 113 344 
52 114 566 
52 115 672 
52 116 258 
52 117 588 
52 118 423 
52 119 303 
52 120 292 
52 121 609 
52 122 439 
52 123 244 
52 124 604 
52 125 732 
52 126 570 
52 127 468 
52 128 609 
52 129 586 
52 130 498 
53 54 207 
53 55 135 
53 56 310 
53 57 331 
53 58 37 
53 59 395 
53 60 70 
53 61 535 
53 62 450 
53 63 453 
53 64 619 
53 65 281 
53 66 550 
53 67 249 
53 68 448 
53 69 638 
53 70 483 
53 71 347 
53 72 90 
53 73 196 
53 74 239 
53 75 246 
53 76 502 
53 77 337 
53 78 402 
53 79 203 
53 80 228 
53 81 264 
53 82 382 
53 83 379 
53 84 451 
53 85 502 
53 86 676 
53 87 227 
53 88 623 
53 89 349 
53 90 474 
53 91 156 
53 92 128 
53 93 167 
53 94 356 
53 95 225 
53 96 241 
53 97 511 
53 98 429 
53 99 207 
53 100 251 
53 101 457 
53 102 216 
53 103 311 
53 104 375 
53 105 435 
53 106 70 
53 107 405 
53 108 299 
53 109 532 
53 110 390 
53 111 483 
53 112 419 
53 113 445 
53 114 329 
53 115 460 
53 116 229 
53 117 384 
53 118 212 
53 119 453 
53 120 26 
53 121 346 
53 122 163 
53 123 480 
53 124 534 
53 125 482 
53 126 322 
53 127 402 
53 128 432 
53 129 503 
53 130 312 
54 55 254 
54 56 358 
54 57 390 
54 58 214 
54 59 305 
54 60 227 
54 61 328 
54 62 276 
54 63 286 
54 64 414 
54 65 327 
54 66 459 
54 67 319 
54 68 295 
54 69 435 
54 70 298 
54 71 164 
54 72 278 
54 73 298 
54 74 340 
54 75 345 
54 76 297 
54 77 292 
54 78 359 
54 79 154 
54 80 96 
54 81 248 
54 82 418 
54 83 250 
54 84 359 
54 85 409 
54 86 476 
54 87 234 
54 88 423 
54 89 234 
54 90 380 
54 91 353 
54 92 231 
54 93 150 
54 94 262 
54 95 164 
54 96 308 
54 97 322 
54 98 293 
54 99 329 
54 100 115 
54 101 468 
54 102 384 
54 103 294 
54 104 189 
54 105 257 
54 106 153 
54 107 218 
54 108 195 
54 109 326 
54 110 256 
54 111 479 
54 112 248 
54 113 342 
54 114 218 
54 115 305 
54 116 142 
54 117 221 
54 118 78 
54 119 384 
54 120 225 
54 121 295 
54 122 258 
54 123 479 
54 124 329 
54 125 385 
54 126 236 
54 127 206 
54 128 245 
54 129 298 
54 130 130 
55 56 445 
55 57 467 
55 58 172 
55 59 312 
55 60 65 
55 61 556 
55 62 421 
55 63 536 
55 64 660 
55 65 417 
55 66 455 
55 67 115 
55 68 539 
55 69 682 
55 70 553 
55 71 340 
55 72 206 
55 73 331 
55 74 372 
55 75 380 
55 76 513 
55 77 462 
55 78 293 
55 79 317 
55 80 218 
55 81 392 
55 82 518 
55 83 323 
55 84 568 
55 85 411 
55 86 727 
55 87 357 
55 88 674 
55 89 454 
55 90 386 
55 91 244 
55 92 264 
55 93 126 
55 94 469 
55 95 338 
55 96 108 
55 97 577 
55 98 528 
55 99 338 
55 100 341 
55 101 592 
55 102 134 
55 103 440 
55 104 443 
55 105 411 
55 106 186 
55 107 473 
55 108 244 
55 109 547 
55 110 489 
55 111 618 
55 112 390 
55 113 558 
55 114 271 
55 115 413 
55 116 335 
55 117 353 
55 118 214 
55 119 576 
55 120 116 
55 121 248 
55 122 32 
55 123 615 
55 124 576 
55 125 394 
55 126 248 
55 127 460 
55 128 417 
55 129 541 
55 130 310 
56 57 32 
56 58 273 
56 59 653 
56 60 380 
56 61 605 
56 62 628 
56 63 388 
56 64 628 
56 65 32 
56 66 811 
56 67 558 
56 68 358 
56 69 640 
56 70 449 
56 71 517 
56 72 260 
56 73 120 
56 74 96 
56 75 89 
56 76 599 
56 77 148 
56 78 685 
56 79 206 
56 80 444 
56 81 123 
56 82 73 
56 83 607 
56 84 262 
56 85 760 
56 86 654 
56 87 124 
56 88 606 
56 89 255 
56 90 731 
56 91 288 
56 92 181 
56 93 438 
56 94 225 
56 95 203 
56 96 550 
56 97 480 
56 98 319 
56 99 135 
56 100 278 
56 101 151 
56 102 502 
56 103 106 
56 104 385 
56 105 608 
56 106 273 
56 107 404 
56 108 542 
56 109 616 
56 110 297 
56 111 184 
56 112 603 
56 113 275 
56 114 569 
56 115 663 
56 116 231 
56 117 578 
56 118 424 
56 119 231 
56 120 331 
56 121 624 
56 122 473 
56 123 179 
56 124 559 
56 125 737 
56 126 578 
56 127 427 
56 128 590 
56 129 544 
56 130 487 
57 58 294 
57 59 682 
57 60 401 
57 61 636 
57 62 660 
57 63 416 
57 64 657 
57 65 62 
57 66 840 
57 67 581 
57 68 385 
57 69 669 
57 70 478 
57 71 549 
57 72 275 
57 73 137 
57 74 103 
57 75 95 
57 76 631 
57 77 174 
57 78 713 
57 79 237 
57 80 474 
57 81 155 
57 82 60 
57 83 637 
57 84 282 
57 85 790 
57 86 682 
57 87 156 
57 88 634 
57 89 284 
57 90 761 
57 91 295 
57 92 203 
57 93 465 
57 94 252 
57 95 235 
57 96 573 
57 97 508 
57 98 345 
57 99 143 
57 100 310 
57 101 142 
57 102 516 
57 103 134 
57 104 416 
57 105 640 
57 106 299 
57 107 435 
57 108 572 
57 109 648 
57 110 325 
57 111 178 
57 112 634 
57 113 297 
57 114 599 
57 115 694 
57 116 263 
57 117 610 
57 118 454 
57 119 247 
57 120 351 
57 121 651 
57 122 495 
57 123 173 
57 124 589 
57 125 767 
57 126 608 
57 127 458 
57 128 622 
57 129 575 
57 130 518 
58 59 427 
58 60 107 
58 61 542 
58 62 471 
58 63 441 
58 64 619 
58 65 245 
58 66 583 
58 67 286 
58 68 433 
58 69 638 
58 70 475 
58 71 365 
58 72 64 
58 73 159 
58 74 201 
58 75 209 
58 76 512 
58 77 308 
58 78 437 
58 79 183 
58 80 249 
58 81 235 
58 82 346 
58 83 406 
58 84 426 
58 85 535 
58 86 673 
58 87 196 
58 88 620 
58 89 330 
58 90 507 
58 91 138 
58 92 92 
58 93 198 
58 94 333 
58 95 204 
58 96 279 
58 97 504 
58 98 411 
58 99 170 
58 100 240 
58 101 421 
58 102 243 
58 103 279 
58 104 370 
58 105 455 
58 106 63 
58 107 400 
58 108 328 
58 109 541 
58 110 372 
58 111 449 
58 112 440 
58 113 422 
58 114 358 
58 115 484 
58 116 213 
58 117 406 
58 118 233 
58 119 425 
58 120 58 
58 121 380 
58 122 201 
58 123 445 
58 124 535 
58 125 514 
58 126 353 
58 127 400 
58 128 449 
58 129 506 
58 130 330 
59 60 352 
59 61 399 
59 62 191 
59 63 533 
59 64 528 
59 65 621 
59 66 158 
59 67 253 
59 68 557 
59 69 551 
59 70 511 
59 71 206 
59 72 485 
59 73 568 
59 74 612 
59 75 619 
59 76 344 
59 77 598 
59 78 92 
59 79 457 
59 80 211 
59 81 552 
59 82 717 
59 83 82 
59 84 654 
59 85 108 
59 86 606 
59 87 532 
59 88 564 
59 89 528 
59 90 79 
59 91 543 
59 92 493 
59 93 229 
59 94 561 
59 95 469 
59 96 247 
59 97 521 
59 98 569 
59 99 590 
59 100 417 
59 101 773 
59 102 418 
59 103 599 
59 104 429 
59 105 196 
59 106 392 
59 107 447 
59 108 111 
59 109 378 
59 110 538 
59 111 785 
59 112 174 
59 113 633 
59 114 88 
59 115 146 
59 116 448 
59 117 153 
59 118 231 
59 119 685 
59 120 393 
59 121 73 
59 122 284 
59 123 784 
59 124 461 
59 125 87 
59 126 75 
59 127 415 
59 128 223 
59 129 426 
59 130 212 
60 61 547 
60 62 435 
60 63 497 
60 64 642 
60 65 352 
60 66 502 
60 67 180 
60 68 496 
60 69 663 
60 70 520 
60 71 342 
60 72 144 
60 73 266 
60 74 307 
60 75 315 
60 76 509 
60 77 403 
60 78 346 
60 79 263 
60 80 217 
60 81 332 
60 82 453 
60 83 349 
60 84 513 
60 85 456 
60 86 704 
60 87 295 
60 88 651 
60 89 405 
60 90 429 
60 91 191 
60 92 199 
60 93 135 
60 94 416 
60 95 284 
60 96 173 
60 97 546 
60 98 482 
60 99 273 
60 100 297 
60 101 528 
60 102 161 
60 103 379 
60 104 411 
60 105 422 
60 106 127 
60 107 441 
60 108 268 
60 109 541 
60 110 442 
60 111 554 
60 112 403 
60 113 505 
60 114 297 
60 115 436 
60 116 284 
60 117 367 
60 118 208 
60 119 519 
60 120 51 
60 121 295 
60 122 95 
60 123 551 
60 124 557 
60 125 437 
60 126 282 
60 127 432 
60 128 424 
60 129 524 
60 130 309 
61 62 212 
61 63 265 
61 64 130 
61 65 579 
61 66 475 
61 67 576 
61 68 303 
61 69 152 
61 70 204 
61 71 224 
61 72 604 
61 73 592 
61 74 626 
61 75 628 
61 76 54 
61 77 475 
61 78 491 
61 79 420 
61 80 338 
61 81 482 
61 82 638 
61 83 319 
61 84 446 
61 85 442 
61 86 208 
61 87 492 
61 88 172 
61 89 362 
61 90 424 
61 91 679 
61 92 540 
61 93 431 
61 94 401 
61 95 413 
61 96 566 
61 97 190 
61 98 339 
61 99 628 
61 100 337 
61 101 653 
61 102 691 
61 103 506 
61 104 220 
61 105 203 
61 106 479 
61 107 206 
61 108 353 
61 109 26 
61 110 334 
61 111 644 
61 112 225 
61 113 418 
61 114 345 
61 115 269 
61 116 386 
61 117 249 
61 118 342 
61 119 494 
61 120 552 
61 121 449 
61 122 548 
61 123 646 
61 124 86 
61 125 423 
61 126 385 
61 127 179 
61 128 175 
61 129 71 
61 130 248 
62 63 400 
62 64 343 
62 65 598 
62 66 269 
62 67 406 
62 68 431 
62 69 364 
62 70 360 
62 71 112 
62 72 536 
62 73 575 
62 74 616 
62 75 621 
62 76 158 
62 77 534 
62 78 283 
62 79 422 
62 80 222 
62 81 510 
62 82 681 
62 83 118 
62 84 554 
62 85 231 
62 86 421 
62 87 504 
62 88 383 
62 89 439 
62 90 212 
62 91 606 
62 92 506 
62 93 301 
62 94 477 
62 95 426 
62 96 397 
62 97 362 
62 98 455 
62 99 605 
62 100 354 
62 101 719 
62 102 550 
62 103 549 
62 104 307 
62 105 20 
62 106 417 
62 107 315 
62 108 181 
62 109 189 
62 110 432 
62 111 722 
62 112 31 
62 113 529 
62 114 160 
62 115 59 
62 116 399 
62 117 68 
62 118 238 
62 119 595 
62 120 459 
62 121 251 
62 122 403 
62 123 723 
62 124 284 
62 125 211 
62 126 196 
62 127 279 
62 128 48 
62 129 251 
62 130 146 
63 64 245 
63 65 369 
63 66 660 
63 67 605 
63 68 38 
63 69 254 
63 70 66 
63 71 328 
63 72 487 
63 73 419 
63 74 439 
63 75 438 
63 76 287 
63 77 241 
63 78 610 
63 79 263 
63 80 364 
63 81 278 
63 82 402 
63 83 455 
63 84 182 
63 85 615 
63 86 266 
63 87 305 
63 88 218 
63 89 134 
63 90 589 
63 91 557 
63 92 395 
63 93 436 
63 94 163 
63 95 246 
63 96 594 
63 97 93 
63 98 78 
63 99 456 
63 100 202 
63 101 400 
63 102 659 
63 103 282 
63 104 105 
63 105 381 
63 106 383 
63 107 86 
63 108 440 
63 109 285 
63 110 90 
63 111 386 
63 112 391 
63 113 155 
63 114 451 
63 115 456 
63 116 229 
63 117 391 
63 118 353 
63 119 232 
63 120 477 
63 121 551 
63 122 544 
63 123 389 
63 124 192 
63 125 592 
63 126 483 
63 127 121 
63 128 351 
63 129 194 
63 130 322 
64 65 606 
64 66 604 
64 67 692 
64 68 281 
64 69 22 
64 70 179 
64 71 344 
64 72 676 
64 73 639 
64 74 667 
64 75 667 
64 76 185 
64 77 484 
64 78 620 
64 79 469 
64 80 446 
64 81 510 
64 82 647 
64 83 448 
64 84 421 
64 85 572 
64 86 77 
64 87 530 
64 88 52 
64 89 372 
64 90 554 
64 91 751 
64 92 600 
64 93 538 
64 94 406 
64 95 457 
64 96 682 
64 97 151 
64 98 322 
64 99 677 
64 100 389 
64 101 645 
64 102 794 
64 103 522 
64 104 256 
64 105 334 
64 106 556 
64 107 230 
64 108 476 
64 109 154 
64 110 333 
64 111 628 
64 112 355 
64 113 395 
64 114 471 
64 115 400 
64 116 433 
64 117 377 
64 118 446 
64 119 472 
64 120 639 
64 121 576 
64 122 656 
64 123 632 
64 124 84 
64 125 553 
64 126 510 
64 127 220 
64 128 305 
64 129 118 
64 130 363 
65 66 779 
65 67 529 
65 68 342 
65 69 619 
65 70 429 
65 71 486 
65 72 237 
65 73 99 
65 74 86 
65 75 81 
65 76 572 
65 77 135 
65 78 654 
65 79 175 
65 80 412 
65 81 97 
65 82 101 
65 83 575 
65 84 256 
65 85 728 
65 86 635 
65 87 93 
65 88 586 
65 89 235 
65 90 699 
65 91 272 
65 92 152 
65 93 406 
65 94 208 
65 95 173 
65 96 521 
65 97 460 
65 98 304 
65 99 121 
65 100 249 
65 101 176 
65 102 478 
65 103 90 
65 104 360 
65 105 578 
65 106 242 
65 107 380 
65 108 510 
65 109 589 
65 110 279 
65 111 205 
65 112 572 
65 113 267 
65 114 537 
65 115 631 
65 116 201 
65 117 547 
65 118 392 
65 119 231 
65 120 303 
65 121 592 
65 122 444 
65 123 201 
65 124 535 
65 125 705 
65 126 546 
65 127 401 
65 128 560 
65 129 520 
65 130 455 
66 67 373 
66 68 688 
66 69 625 
66 70 626 
66 71 335 
66 72 640 
66 73 726 
66 74 771 
66 75 777 
66 76 423 
66 77 750 
66 78 167 
66 79 613 
66 80 367 
66 81 708 
66 82 875 
66 83 213 
66 84 797 
66 85 50 
66 86 681 
66 87 689 
66 88 648 
66 89 673 
66 90 79 
66 91 694 
66 92 651 
66 93 386 
66 94 708 
66 95 624 
66 96 370 
66 97 631 
66 98 705 
66 99 748 
66 100 567 
66 101 928 
66 102 543 
66 103 754 
66 104 560 
66 105 284 
66 106 551 
66 107 573 
66 108 268 
66 109 450 
66 110 677 
66 111 938 
66 112 270 
66 113 774 
66 114 242 
66 115 209 
66 116 601 
66 117 269 
66 118 387 
66 119 831 
66 120 546 
66 121 207 
66 122 424 
66 123 938 
66 124 552 
66 125 73 
66 126 233 
66 127 539 
66 128 315 
66 129 520 
66 130 351 
67 68 614 
67 69 715 
67 70 611 
67 71 351 
67 72 321 
67 73 446 
67 74 487 
67 75 495 
67 76 527 
67 77 564 
67 78 205 
67 79 415 
67 80 250 
67 81 497 
67 82 631 
67 83 292 
67 84 661 
67 85 335 
67 86 764 
67 87 463 
67 88 714 
67 89 542 
67 90 314 
67 91 352 
67 92 377 
67 93 169 
67 94 561 
67 95 435 
67 96 11 
67 97 632 
67 98 609 
67 99 453 
67 100 422 
67 101 703 
67 102 170 
67 103 546 
67 104 505 
67 105 401 
67 106 291 
67 107 533 
67 108 227 
67 109 562 
67 110 571 
67 111 727 
67 112 377 
67 113 648 
67 114 246 
67 115 382 
67 116 426 
67 117 342 
67 118 256 
67 119 675 
67 120 231 
67 121 180 
67 122 85 
67 123 724 
67 124 611 
67 125 323 
67 126 211 
67 127 513 
67 128 416 
67 129 575 
67 130 329 
68 69 289 
68 70 104 
68 71 353 
68 72 475 
68 73 397 
68 74 415 
68 75 413 
68 76 323 
68 77 210 
68 78 631 
68 79 251 
68 80 379 
68 81 253 
68 82 368 
68 83 480 
68 84 144 
68 85 642 
68 86 297 
68 87 284 
68 88 251 
68 89 111 
68 90 616 
68 91 543 
68 92 380 
68 93 445 
68 94 134 
68 95 232 
68 96 603 
68 97 129 
68 98 41 
68 99 434 
68 100 199 
68 101 363 
68 102 658 
68 103 252 
68 104 128 
68 105 412 
68 106 378 
68 107 115 
68 108 460 
68 109 323 
68 110 64 
68 111 348 
68 112 421 
68 113 117 
68 114 472 
68 115 486 
68 116 219 
68 117 418 
68 118 366 
68 119 194 
68 120 473 
68 121 571 
68 122 549 
68 123 352 
68 124 230 
68 125 618 
68 126 503 
68 127 151 
68 128 382 
68 129 232 
68 130 344 
69 70 190 
69 71 366 
69 72 695 
69 73 655 
69 74 681 
69 75 682 
69 76 207 
69 77 495 
69 78 642 
69 79 486 
69 80 468 
69 81 524 
69 82 657 
69 83 470 
69 84 427 
69 85 593 
69 86 56 
69 87 545 
69 88 45 
69 89 384 
69 90 576 
69 91 770 
69 92 617 
69 93 559 
69 94 417 
69 95 473 
69 96 704 
69 97 161 
69 98 330 
69 99 692 
69 100 406 
69 101 652 
69 102 815 
69 103 534 
69 104 273 
69 105 356 
69 106 575 
69 107 246 
69 108 499 
69 109 175 
69 110 343 
69 111 634 
69 112 377 
69 113 401 
69 114 493 
69 115 421 
69 116 449 
69 117 400 
69 118 468 
69 119 478 
69 120 659 
69 121 598 
69 122 678 
69 123 638 
69 124 105 
69 125 575 
69 126 533 
69 127 238 
69 128 327 
69 129 140 
69 130 385 
70 71 304 
70 72 526 
70 73 471 
70 74 494 
70 75 494 
70 76 232 
70 77 305 
70 78 593 
70 79 307 
70 80 362 
70 81 335 
70 82 467 
70 83 430 
70 84 248 
70 85 584 
70 86 208 
70 87 359 
70 88 157 
70 89 194 
70 90 560 
70 91 599 
70 92 440 
70 93 443 
70 94 226 
70 95 292 
70 96 600 
70 97 30 
70 98 144 
70 99 508 
70 100 235 
70 101 467 
70 102 681 
70 103 344 
70 104 109 
70 105 343 
70 106 415 
70 107 79 
70 108 427 
70 109 226 
70 110 153 
70 111 452 
70 112 356 
70 113 221 
70 114 433 
70 115 418 
70 116 271 
70 117 362 
70 118 355 
70 119 298 
70 120 506 
70 121 537 
70 122 556 
70 123 456 
70 124 126 
70 125 562 
70 126 468 
70 127 99 
70 128 312 
70 129 133 
70 130 305 
71 72 430 
71 73 462 
71 74 504 
71 75 509 
71 76 176 
71 77 429 
71 78 290 
71 79 311 
71 80 124 
71 81 400 
71 82 571 
71 83 127 
71 84 462 
71 85 288 
71 86 419 
71 87 392 
71 88 372 
71 89 341 
71 90 262 
71 91 502 
71 92 395 
71 93 214 
71 94 378 
71 95 316 
71 96 341 
71 97 315 
71 98 370 
71 99 493 
71 100 247 
71 101 613 
71 102 474 
71 103 441 
71 104 225 
71 105 93 
71 106 308 
71 107 241 
71 108 132 
71 109 211 
71 110 342 
71 111 618 
71 112 85 
71 113 439 
71 114 131 
71 115 148 
71 116 289 
71 117 67 
71 118 135 
71 119 499 
71 120 359 
71 121 237 
71 122 328 
71 123 618 
71 124 267 
71 125 265 
71 126 169 
71 127 209 
71 128 84 
71 129 231 
71 130 35 
72 73 139 
72 74 173 
72 75 182 
72 76 575 
72 77 326 
72 78 488 
72 79 223 
72 80 314 
72 81 253 
72 82 332 
72 83 468 
72 84 450 
72 85 592 
72 86 728 
72 87 213 
72 88 674 
72 89 368 
72 90 564 
72 91 75 
72 92 100 
72 93 257 
72 94 364 
72 95 242 
72 96 315 
72 97 556 
72 98 449 
72 99 136 
72 100 291 
72 101 412 
72 102 241 
72 103 291 
72 104 424 
72 105 519 
72 106 125 
72 107 453 
72 108 389 
72 109 604 
72 110 412 
72 111 443 
72 112 504 
72 113 450 
72 114 419 
72 115 548 
72 116 257 
72 117 470 
72 118 297 
72 119 442 
72 120 95 
72 121 434 
72 122 238 
72 123 439 
72 124 593 
72 125 572 
72 126 412 
72 127 456 
72 128 514 
72 129 565 
72 130 394 
73 74 44 
73 75 51 
73 76 576 
73 77 212 
73 78 589 
73 79 172 
73 80 368 
73 81 146 
73 82 192 
73 83 533 
73 84 339 
73 85 676 
73 86 679 
73 87 113 
73 88 627 
73 89 286 
73 90 647 
73 91 173 
73 92 75 
73 93 343 
73 94 269 
73 95 182 
73 96 438 
73 97 502 
73 98 364 
73 99 37 
73 100 255 
73 101 272 
73 102 381 
73 103 170 
73 104 384 
73 105 556 
73 106 175 
73 107 409 
73 108 461 
73 109 598 
73 110 332 
73 111 304 
73 112 546 
73 113 344 
73 114 490 
73 115 600 
73 116 208 
73 117 517 
73 118 349 
73 119 321 
73 120 215 
73 121 530 
73 122 360 
73 123 300 
73 124 562 
73 125 654 
73 126 493 
73 127 423 
73 128 543 
73 129 541 
73 130 429 
74 75 8 
74 76 612 
74 77 216 
74 78 634 
74 79 206 
74 80 412 
74 81 161 
74 82 162 
74 83 577 
74 84 341 
74 85 721 
74 86 702 
74 87 136 
74 88 651 
74 89 304 
74 90 692 
74 91 193 
74 92 119 
74 93 387 
74 94 283 
74 95 213 
74 96 480 
74 97 525 
74 98 379 
74 99 40 
74 100 288 
74 101 244 
74 102 414 
74 103 172 
74 104 413 
74 105 597 
74 106 220 
74 107 437 
74 108 505 
74 109 633 
74 110 350 
74 111 279 
74 112 588 
74 113 350 
74 114 534 
74 115 643 
74 116 240 
74 117 559 
74 118 392 
74 119 317 
74 120 256 
74 121 574 
74 122 402 
74 123 274 
74 124 591 
74 125 699 
74 126 537 
74 127 453 
74 128 583 
74 129 572 
74 130 471 
75 76 615 
75 77 213 
75 78 641 
75 79 209 
75 80 418 
75 81 160 
75 82 155 
75 83 583 
75 84 337 
75 85 728 
75 86 702 
75 87 137 
75 88 651 
75 89 303 
75 90 699 
75 91 200 
75 92 126 
75 93 394 
75 94 281 
75 95 215 
75 96 488 
75 97 525 
75 98 377 
75 99 48 
75 100 291 
75 101 236 
75 102 422 
75 103 169 
75 104 415 
75 105 602 
75 106 227 
75 107 438 
75 108 512 
75 109 636 
75 110 349 
75 111 271 
75 112 593 
75 113 347 
75 114 541 
75 115 648 
75 116 242 
75 117 565 
75 118 398 
75 119 312 
75 120 264 
75 121 581 
75 122 410 
75 123 266 
75 124 592 
75 125 705 
75 126 544 
75 127 455 
75 128 588 
75 129 573 
75 130 475 
76 77 478 
76 78 436 
76 79 406 
76 80 295 
76 81 476 
76 82 638 
76 83 265 
76 84 463 
76 85 388 
76 86 263 
76 87 482 
76 88 225 
76 89 367 
76 90 370 
76 91 651 
76 92 519 
76 93 387 
76 94 407 
76 95 401 
76 96 517 
76 97 225 
76 98 356 
76 99 611 
76 100 324 
76 101 659 
76 102 648 
76 103 504 
76 104 223 
76 105 149 
76 106 450 
76 107 216 
76 108 302 
76 109 35 
76 110 345 
76 111 653 
76 112 170 
76 113 436 
76 114 292 
76 115 215 
76 116 373 
76 117 196 
76 118 301 
76 119 509 
76 120 518 
76 121 395 
76 122 503 
76 123 656 
76 124 130 
76 125 369 
76 126 332 
76 127 183 
76 128 121 
76 129 104 
76 130 203 
77 78 649 
77 79 150 
77 80 388 
77 81 74 
77 82 163 
77 83 538 
77 84 127 
77 85 700 
77 86 507 
77 87 114 
77 88 460 
77 89 114 
77 90 671 
77 91 380 
77 92 226 
77 93 414 
77 94 78 
77 95 133 
77 96 554 
77 97 334 
77 98 171 
77 99 244 
77 100 183 
77 101 185 
77 102 552 
77 103 44 
77 104 255 
77 105 514 
77 106 276 
77 107 269 
77 108 487 
77 109 490 
77 110 151 
77 111 188 
77 112 513 
77 113 133 
77 114 510 
77 115 577 
77 116 150 
77 117 495 
77 118 369 
77 119 117 
77 120 363 
77 121 585 
77 122 483 
77 123 189 
77 124 420 
77 125 676 
77 126 529 
77 127 297 
77 128 491 
77 129 410 
77 130 404 
78 79 502 
78 80 263 
78 81 595 
78 82 754 
78 83 172 
78 84 717 
78 85 131 
78 86 697 
78 87 571 
78 88 655 
78 89 591 
78 90 116 
78 91 536 
78 92 515 
78 93 247 
78 94 621 
78 95 517 
78 96 203 
78 97 605 
78 98 639 
78 99 606 
78 100 474 
78 101 815 
78 102 376 
78 103 644 
78 104 504 
78 105 288 
78 106 415 
78 107 525 
78 108 170 
78 109 470 
78 110 606 
78 111 831 
78 112 266 
78 113 698 
78 114 160 
78 115 237 
78 116 498 
78 117 243 
78 118 281 
78 119 744 
78 120 393 
78 121 63 
78 122 262 
78 123 830 
78 124 551 
78 125 124 
78 126 127 
78 127 496 
78 128 315 
78 129 515 
78 130 289 
79 80 246 
79 81 94 
79 82 263 
79 83 405 
79 84 250 
79 85 563 
79 86 513 
79 87 81 
79 88 460 
79 89 147 
79 90 533 
79 91 293 
79 92 132 
79 93 263 
79 94 152 
79 95 21 
79 96 405 
79 97 338 
79 98 228 
79 99 209 
79 100 82 
79 101 315 
79 102 420 
79 103 142 
79 104 213 
79 105 402 
79 106 135 
79 107 240 
79 108 346 
79 109 427 
79 110 189 
79 111 329 
79 112 397 
79 113 242 
79 114 371 
79 115 457 
79 116 36 
79 117 373 
79 118 226 
79 119 259 
79 120 230 
79 121 438 
79 122 336 
79 123 328 
79 124 390 
79 125 539 
79 126 385 
79 127 251 
79 128 385 
79 129 368 
79 130 281 
80 81 341 
80 82 507 
80 83 164 
80 84 454 
80 85 317 
80 86 516 
80 87 322 
80 88 465 
80 89 328 
80 90 287 
80 91 384 
80 92 296 
80 93 93 
80 94 358 
80 95 258 
80 96 239 
80 97 382 
80 98 382 
80 99 395 
80 100 211 
80 101 562 
80 102 353 
80 103 388 
80 104 260 
80 105 207 
80 106 199 
80 107 285 
80 108 99 
80 109 329 
80 110 346 
80 111 574 
80 112 191 
80 113 436 
80 114 125 
80 115 235 
80 116 237 
80 117 156 
80 118 20 
80 119 481 
80 120 237 
80 121 199 
80 122 210 
80 123 573 
80 124 363 
80 125 293 
80 126 140 
80 127 263 
80 128 207 
80 129 327 
80 130 91 
81 82 171 
81 83 499 
81 84 198 
81 85 657 
81 86 542 
81 87 39 
81 88 492 
81 89 143 
81 90 628 
81 91 308 
81 92 152 
81 93 354 
81 94 123 
81 95 84 
81 96 487 
81 97 366 
81 98 218 
81 99 182 
81 100 156 
81 101 220 
81 102 478 
81 103 49 
81 104 263 
81 105 490 
81 106 206 
81 107 283 
81 108 441 
81 109 493 
81 110 189 
81 111 236 
81 112 486 
81 113 200 
81 114 466 
81 115 548 
81 116 111 
81 117 464 
81 118 321 
81 119 191 
81 120 290 
81 121 532 
81 122 415 
81 123 234 
81 124 438 
81 125 634 
81 126 480 
81 127 304 
81 128 470 
81 129 422 
81 130 371 
82 83 668 
82 84 249 
82 85 824 
82 86 665 
82 87 185 
82 88 620 
82 89 277 
82 90 795 
82 91 355 
82 92 254 
82 93 507 
82 94 241 
82 95 255 
82 96 623 
82 97 496 
82 98 327 
82 99 202 
82 100 326 
82 101 82 
82 102 574 
82 103 134 
82 104 418 
82 105 661 
82 106 344 
82 107 433 
82 108 606 
82 109 652 
82 110 314 
82 111 118 
82 112 657 
82 113 269 
82 114 633 
82 115 719 
82 116 282 
82 117 635 
82 118 487 
82 119 207 
82 120 404 
82 121 691 
82 122 545 
82 123 113 
82 124 584 
82 125 801 
82 126 644 
82 127 459 
82 128 640 
82 129 574 
82 130 542 
83 84 584 
83 85 164 
83 86 525 
83 87 483 
83 88 483 
83 89 460 
83 90 136 
83 91 533 
83 92 460 
83 93 215 
83 94 495 
83 95 414 
83 96 284 
83 97 439 
83 98 495 
83 99 559 
83 100 354 
83 101 717 
83 102 445 
83 103 544 
83 104 352 
83 105 118 
83 106 362 
83 107 368 
83 108 80 
83 109 299 
83 110 466 
83 111 726 
83 112 95 
83 113 562 
83 114 51 
83 115 91 
83 116 390 
83 117 71 
83 118 184 
83 119 618 
83 120 382 
83 121 133 
83 122 300 
83 123 726 
83 124 379 
83 125 140 
83 126 81 
83 127 336 
83 128 143 
83 129 344 
83 130 138 
84 85 749 
84 86 426 
84 87 237 
84 88 386 
84 89 126 
84 90 721 
84 91 506 
84 92 350 
84 93 500 
84 94 100 
84 95 229 
84 96 650 
84 97 272 
84 98 106 
84 99 371 
84 100 245 
84 101 226 
84 102 668 
84 103 169 
84 104 248 
84 105 534 
84 106 385 
84 107 247 
84 108 548 
84 109 465 
84 110 121 
84 111 206 
84 112 539 
84 113 27 
84 114 566 
84 115 605 
84 116 234 
84 117 530 
84 118 438 
84 119 50 
84 120 477 
84 121 654 
84 122 585 
84 123 211 
84 124 374 
84 125 725 
84 126 591 
84 127 282 
84 128 507 
84 129 375 
84 130 445 
85 86 650 
85 87 639 
85 88 614 
85 89 625 
85 90 29 
85 91 647 
85 92 602 
85 93 337 
85 94 659 
85 95 574 
85 96 331 
85 97 590 
85 98 659 
85 99 698 
85 100 517 
85 101 878 
85 102 505 
85 103 704 
85 104 514 
85 105 244 
85 106 501 
85 107 528 
85 108 218 
85 109 418 
85 110 630 
85 111 888 
85 112 228 
85 113 726 
85 114 191 
85 115 172 
85 116 551 
85 117 224 
85 118 337 
85 119 782 
85 120 499 
85 121 162 
85 122 381 
85 123 888 
85 124 515 
85 125 24 
85 126 183 
85 127 495 
85 128 276 
85 129 483 
85 130 303 
86 87 567 
86 88 53 
86 89 400 
86 90 632 
86 91 802 
86 92 646 
86 93 606 
86 94 429 
86 95 499 
86 96 754 
86 97 177 
86 98 338 
86 99 716 
86 100 437 
86 101 653 
86 102 860 
86 103 548 
86 104 303 
86 105 411 
86 106 611 
86 107 275 
86 108 551 
86 109 231 
86 110 356 
86 111 632 
86 112 432 
86 113 402 
86 114 547 
86 115 478 
86 116 477 
86 117 455 
86 118 514 
86 119 476 
86 120 698 
86 121 653 
86 122 724 
86 123 637 
86 124 153 
86 125 631 
86 126 586 
86 127 274 
86 128 383 
86 129 189 
86 130 436 
87 88 515 
87 89 172 
87 90 610 
87 91 270 
87 92 112 
87 93 326 
87 94 158 
87 95 80 
87 96 454 
87 97 389 
87 98 251 
87 99 150 
87 100 158 
87 101 245 
87 102 439 
87 103 84 
87 104 277 
87 105 484 
87 106 172 
87 107 301 
87 108 421 
87 109 501 
87 110 219 
87 111 264 
87 112 478 
87 113 238 
87 114 448 
87 115 538 
87 116 109 
87 117 454 
87 118 302 
87 119 230 
87 120 252 
87 121 508 
87 122 380 
87 123 262 
87 124 455 
87 125 616 
87 126 459 
87 127 318 
87 128 466 
87 129 436 
87 130 362 
88 89 351 
88 90 595 
88 91 749 
88 92 593 
88 93 555 
88 94 381 
88 95 446 
88 96 704 
88 97 126 
88 98 292 
88 99 664 
88 100 384 
88 101 612 
88 102 807 
88 103 500 
88 104 250 
88 105 372 
88 106 557 
88 107 221 
88 108 504 
88 109 198 
88 110 308 
88 111 593 
88 112 392 
88 113 360 
88 114 502 
88 115 441 
88 116 424 
88 117 412 
88 118 463 
88 119 436 
88 120 644 
88 121 608 
88 122 673 
88 123 597 
88 124 105 
88 125 594 
88 126 541 
88 127 220 
88 128 342 
88 129 141 
88 130 387 
89 90 596 
89 91 434 
89 92 271 
89 93 377 
89 94 39 
89 95 126 
89 96 531 
89 97 224 
89 98 81 
89 99 322 
89 100 120 
89 101 292 
89 102 564 
89 103 150 
89 104 144 
89 105 418 
89 106 280 
89 107 155 
89 108 422 
89 109 377 
89 110 46 
89 111 287 
89 112 421 
89 113 108 
89 114 440 
89 115 487 
89 116 120 
89 117 408 
89 118 312 
89 119 158 
89 120 375 
89 121 528 
89 122 469 
89 123 289 
89 124 306 
89 125 600 
89 126 465 
89 127 184 
89 128 393 
89 129 296 
89 130 322 
90 91 620 
90 92 573 
90 93 308 
90 94 631 
90 95 545 
90 96 310 
90 97 566 
90 98 632 
90 99 670 
90 100 489 
90 101 848 
90 102 484 
90 103 675 
90 104 487 
90 105 223 
90 106 472 
90 107 503 
90 108 188 
90 109 400 
90 110 602 
90 111 859 
90 112 206 
90 113 699 
90 114 162 
90 115 154 
90 116 522 
90 117 198 
90 118 308 
90 119 754 
90 120 471 
90 121 138 
90 122 357 
90 123 859 
90 124 495 
90 125 8 
90 126 155 
90 127 469 
90 128 254 
90 129 462 
90 130 275 
91 92 163 
91 93 318 
91 94 426 
91 95 311 
91 96 348 
91 97 629 
91 98 515 
91 99 153 
91 100 365 
91 101 437 
91 102 236 
91 103 340 
91 104 498 
91 105 591 
91 106 200 
91 107 527 
91 108 453 
91 109 679 
91 110 479 
91 111 472 
91 112 575 
91 113 509 
91 114 483 
91 115 616 
91 116 328 
91 117 540 
91 118 368 
91 119 493 
91 120 151 
91 121 486 
91 122 276 
91 123 467 
91 124 668 
91 125 628 
91 126 471 
91 127 531 
91 128 587 
91 129 641 
91 130 467 
92 93 268 
92 94 265 
92 95 149 
92 96 369 
92 97 470 
92 98 352 
92 99 99 
92 100 210 
92 101 329 
92 102 331 
92 103 192 
92 104 344 
92 105 488 
92 106 100 
92 107 371 
92 108 387 
92 109 544 
92 110 316 
92 111 356 
92 112 477 
92 113 349 
92 114 416 
92 115 529 
92 116 168 
92 117 446 
92 118 276 
92 119 343 
92 120 150 
92 121 455 
92 122 292 
92 123 353 
92 124 519 
92 125 580 
92 126 418 
92 127 379 
92 128 477 
92 129 494 
92 130 360 
93 94 400 
93 95 281 
93 96 158 
93 97 465 
93 98 442 
93 99 362 
93 100 257 
93 101 571 
93 102 260 
93 103 403 
93 104 336 
93 105 288 
93 106 167 
93 107 364 
93 108 134 
93 109 421 
93 110 404 
93 111 590 
93 112 269 
93 113 485 
93 114 164 
93 115 300 
93 116 268 
93 117 232 
93 118 91 
93 119 518 
93 120 167 
93 121 186 
93 122 118 
93 123 588 
93 124 454 
93 125 316 
93 126 155 
93 127 347 
93 128 293 
93 129 419 
93 130 183 
94 95 131 
94 96 550 
94 97 256 
94 98 96 
94 99 305 
94 100 146 
94 101 252 
94 102 573 
94 103 119 
94 104 183 
94 105 457 
94 106 288 
94 107 194 
94 108 453 
94 109 416 
94 110 73 
94 111 247 
94 112 458 
94 113 89 
94 114 473 
94 115 524 
94 116 134 
94 117 445 
94 118 340 
94 119 123 
94 120 382 
94 121 557 
94 122 485 
94 123 249 
94 124 343 
94 125 635 
94 126 496 
94 127 224 
94 128 431 
94 129 334 
94 130 357 
95 96 424 
95 97 322 
95 98 207 
95 99 219 
95 100 77 
95 101 303 
95 102 441 
95 103 129 
95 104 202 
95 105 406 
95 106 157 
95 107 227 
95 108 358 
95 109 421 
95 110 169 
95 111 315 
95 112 401 
95 113 221 
95 114 382 
95 115 463 
95 116 28 
95 117 379 
95 118 239 
95 119 239 
95 120 251 
95 121 453 
95 122 356 
95 123 314 
95 124 380 
95 125 550 
95 126 398 
95 127 241 
95 128 387 
95 129 359 
95 130 287 
96 97 620 
96 98 598 
96 99 446 
96 100 412 
96 101 695 
96 102 173 
96 103 537 
96 104 494 
96 105 391 
96 106 282 
96 107 521 
96 108 218 
96 109 552 
96 110 560 
96 111 718 
96 112 368 
96 113 638 
96 114 237 
96 115 374 
96 116 416 
96 117 333 
96 118 245 
96 119 664 
96 120 224 
96 121 174 
96 122 78 
96 123 715 
96 124 600 
96 125 319 
96 126 203 
96 127 502 
96 128 406 
96 129 564 
96 130 319 
97 98 171 
97 99 539 
97 100 264 
97 101 493 
97 102 706 
97 103 374 
97 104 135 
97 105 346 
97 106 443 
97 107 105 
97 108 441 
97 109 214 
97 110 183 
97 111 478 
97 112 361 
97 113 245 
97 114 445 
97 115 421 
97 116 302 
97 117 370 
97 118 375 
97 119 322 
97 120 534 
97 121 551 
97 122 580 
97 123 481 
97 124 108 
97 125 568 
97 126 482 
97 127 118 
97 128 315 
97 129 122 
97 130 319 
98 99 400 
98 100 188 
98 101 322 
98 102 642 
98 103 213 
98 104 147 
98 105 435 
98 106 359 
98 107 142 
98 108 469 
98 109 359 
98 110 39 
98 111 308 
98 112 442 
98 113 79 
98 114 483 
98 115 508 
98 116 199 
98 117 436 
98 118 368 
98 119 155 
98 120 455 
98 121 578 
98 122 540 
98 123 311 
98 124 269 
98 125 635 
98 126 512 
98 127 178 
98 128 406 
98 129 269 
98 130 357 
99 100 291 
99 101 284 
99 102 374 
99 103 201 
99 104 421 
99 105 587 
99 106 198 
99 107 447 
99 108 485 
99 109 634 
99 110 369 
99 111 319 
99 112 576 
99 113 378 
99 114 514 
99 115 629 
99 116 244 
99 117 546 
99 118 376 
99 119 350 
99 120 222 
99 121 548 
99 122 368 
99 123 314 
99 124 599 
99 125 677 
99 126 515 
99 127 460 
99 128 575 
99 129 577 
99 130 459 
100 101 366 
100 102 458 
100 103 195 
100 104 134 
100 105 334 
100 106 181 
100 107 162 
100 108 308 
100 109 345 
100 110 148 
100 111 372 
100 112 331 
100 113 228 
100 114 329 
100 115 395 
100 116 49 
100 117 312 
100 118 193 
100 119 269 
100 120 275 
100 121 411 
100 122 352 
100 123 373 
100 124 309 
100 125 493 
100 126 350 
100 127 169 
100 128 314 
100 129 286 
100 130 220 
101 102 653 
101 103 173 
101 104 436 
101 105 699 
101 106 413 
101 107 446 
101 108 661 
101 109 669 
101 110 319 
101 111 39 
101 112 697 
101 113 251 
101 114 686 
101 115 761 
101 116 327 
101 117 678 
101 118 541 
101 119 177 
101 120 480 
101 121 752 
101 122 618 
101 123 33 
101 124 590 
101 125 854 
101 126 701 
101 127 476 
101 128 676 
101 129 585 
101 130 587 
102 103 522 
102 104 571 
102 105 541 
102 106 284 
102 107 601 
102 108 370 
102 109 682 
102 110 603 
102 111 684 
102 112 519 
102 113 662 
102 114 394 
102 115 536 
102 116 444 
102 117 482 
102 118 349 
102 119 669 
102 120 190 
102 121 347 
102 122 147 
102 123 680 
102 124 710 
102 125 492 
102 126 366 
102 127 590 
102 128 550 
102 129 676 
102 130 444 
103 104 285 
103 105 529 
103 106 255 
103 107 302 
103 108 488 
103 109 518 
103 110 191 
103 111 187 
103 112 526 
103 113 178 
103 114 512 
103 115 589 
103 116 153 
103 117 506 
103 118 368 
103 119 152 
103 120 336 
103 121 581 
103 122 463 
103 123 185 
103 124 455 
103 125 680 
103 126 528 
103 127 327 
103 128 508 
103 129 443 
103 130 414 
104 105 288 
104 106 308 
104 107 30 
104 108 334 
104 109 234 
104 110 126 
104 111 431 
104 112 294 
104 113 222 
104 114 345 
104 115 360 
104 116 177 
104 117 290 
104 118 250 
104 119 291 
104 120 398 
104 121 445 
104 122 448 
104 123 433 
104 124 178 
104 125 490 
104 126 377 
104 127 41 
104 128 259 
104 129 159 
104 130 217 
105 106 400 
105 107 296 
105 108 173 
105 109 182 
105 110 412 
105 111 701 
105 112 23 
105 113 509 
105 114 155 
105 115 75 
105 116 379 
105 117 59 
105 118 222 
105 119 574 
105 120 444 
105 121 251 
105 122 394 
105 123 702 
105 124 271 
105 125 223 
105 126 193 
105 127 261 
105 128 31 
105 129 238 
105 130 127 
106 107 338 
106 108 287 
106 109 479 
106 110 320 
106 111 435 
106 112 386 
106 113 378 
106 114 317 
106 115 435 
106 116 160 
106 117 354 
106 118 181 
106 119 391 
106 120 95 
106 121 354 
106 122 208 
106 123 433 
106 124 472 
106 125 479 
106 126 317 
106 127 337 
106 128 392 
106 129 443 
106 130 273 
107 108 356 
107 109 223 
107 110 129 
107 111 438 
107 112 305 
107 113 220 
107 114 365 
107 115 370 
107 116 203 
107 117 304 
107 118 277 
107 119 293 
107 120 428 
107 121 467 
107 122 477 
107 123 440 
107 124 155 
107 125 505 
107 126 399 
107 127 35 
107 128 266 
107 129 141 
107 130 236 
108 109 338 
108 110 435 
108 111 674 
108 112 151 
108 113 528 
108 114 30 
108 115 169 
108 116 337 
108 117 114 
108 118 119 
108 119 577 
108 120 301 
108 121 111 
108 122 224 
108 123 673 
108 124 399 
108 125 195 
108 126 43 
108 127 328 
108 128 188 
108 129 363 
108 130 122 
109 110 352 
109 111 661 
109 112 204 
109 113 438 
109 114 328 
109 115 246 
109 116 393 
109 117 231 
109 118 334 
109 119 513 
109 120 549 
109 121 430 
109 122 538 
109 123 663 
109 124 111 
109 125 399 
109 126 367 
109 127 192 
109 128 155 
109 129 93 
109 130 238 
110 111 309 
110 112 417 
110 113 97 
110 114 451 
110 115 484 
110 116 160 
110 117 409 
110 118 331 
110 119 164 
110 120 415 
110 121 544 
110 122 501 
110 123 312 
110 124 272 
110 125 606 
110 126 479 
110 127 163 
110 128 385 
110 129 266 
110 130 327 
111 112 701 
111 113 233 
111 114 698 
111 115 766 
111 116 337 
111 117 684 
111 118 554 
111 119 156 
111 120 507 
111 121 768 
111 122 643 
111 123 6 
111 124 577 
111 125 865 
111 126 714 
111 127 470 
111 128 677 
111 129 574 
111 130 593 
112 113 515 
112 114 132 
112 115 66 
112 116 374 
112 117 37 
112 118 207 
112 119 578 
112 120 427 
112 121 228 
112 122 372 
112 123 702 
112 124 290 
112 125 206 
112 126 170 
112 127 270 
112 128 49 
112 129 256 
112 130 117 
113 114 545 
113 115 581 
113 116 223 
113 117 506 
113 118 420 
113 119 77 
113 120 471 
113 121 635 
113 122 574 
113 123 237 
113 124 347 
113 125 702 
113 126 572 
113 127 256 
113 128 482 
113 129 348 
113 130 423 
114 115 142 
114 116 360 
114 117 98 
114 118 145 
114 119 597 
114 120 331 
114 121 106 
114 122 249 
114 123 697 
114 124 397 
114 125 168 
114 126 39 
114 127 335 
114 128 174 
114 129 361 
114 130 129 
115 116 437 
115 117 84 
115 118 254 
115 119 644 
115 120 465 
115 121 214 
115 122 391 
115 123 766 
115 124 343 
115 125 153 
115 126 171 
115 127 335 
115 128 106 
115 129 311 
115 130 176 
116 117 353 
116 118 218 
116 119 250 
116 120 255 
116 121 434 
116 122 351 
116 123 336 
116 124 354 
116 125 527 
116 126 378 
116 127 215 
116 128 360 
116 129 333 
116 130 261 
117 118 173 
117 119 566 
117 120 391 
117 121 199 
117 122 335 
117 123 685 
117 124 308 
117 125 200 
117 126 137 
117 127 270 
117 128 76 
117 129 273 
117 130 92 
118 119 463 
118 120 223 
118 121 217 
118 122 209 
118 123 554 
118 124 362 
118 125 314 
118 126 159 
118 127 257 
118 128 219 
118 129 327 
118 130 101 
119 120 479 
119 121 680 
119 122 595 
119 123 160 
119 124 424 
119 125 758 
119 126 619 
119 127 327 
119 128 548 
119 129 424 
119 130 479 
120 121 340 
120 122 146 
120 123 503 
120 124 554 
120 125 479 
120 126 320 
120 127 424 
120 128 443 
120 129 523 
120 130 324 
121 122 218 
121 123 767 
121 124 503 
121 125 146 
121 126 68 
121 127 439 
121 128 275 
121 129 467 
121 130 232 
122 123 640 
122 124 572 
122 125 365 
122 126 224 
122 127 462 
122 128 403 
122 129 537 
122 130 300 
123 124 581 
123 125 864 
123 126 713 
123 127 472 
123 128 678 
123 129 577 
123 130 593 
124 125 495 
124 126 436 
124 127 139 
124 128 241 
124 129 36 
124 130 283 
125 126 162 
125 127 471 
125 128 254 
125 129 462 
125 130 279 
126 127 370 
126 128 213 
126 129 399 
126 130 163 
127 128 231 
127 129 118 
127 130 207 
128 129 207 
128 130 119 
129 130 246 
